0
0.0950422
0.189441
0.283216
0.376386
0.46897
0.560986
0.652449
0.743376
0.833782
0.923683
1.01309
1.10202
1.19049
1.27851
1.36609
1.45325
1.53999
1.62633
1.71229
1.79787
1.88308
1.96794
2.05246
2.13664
2.22051
2.30407
2.38733
2.4703
2.553
2.63544
2.71761
2.79955
2.88125
2.96273
3.044
3.12507
3.20595
3.28665
3.36718
3.44756
3.52779
3.60789
3.68786
3.76772
3.84748
3.92715
4.00674
4.08627
4.16574
4.24517
4.32457
4.40395
4.48332
4.5627
4.6421
4.72153
4.80101
4.88054
4.96014
5.03983
5.11962
5.19952
5.27955
5.35971
5.44004
5.52053
5.60122
5.6821
5.7632
5.84454
5.92612
6.00798
6.09012
6.17256
6.25532
6.33843
6.42189
6.50573
6.58996
6.67462
6.75971
6.84527
6.93131
7.01785
7.10492
7.19255
7.28075
7.36955
7.45899
7.54908
7.63985
7.73133
7.82356
7.91656
8.01036
8.10499
8.2005
8.29691
8.39426
8.49259
8.59193
8.69233
8.79382
8.89646
9.00028
9.10533
9.21165
9.31931
9.42834
9.53881
9.65077
9.76427
9.87939
9.99618
10.1147
10.235
10.3572
10.4814
10.6076
10.7359
10.8664
10.9993
11.1345
11.2721
11.4124
11.5554
11.7012
11.8499
12.0016
12.1566
12.3149
12.4767
12.6421
12.8113
12.9844
13.1618
13.3434
13.5296
13.7206
13.9166
14.1178
14.3245
14.5369
14.7555
14.9803
15.2119
15.4505
15.6965
15.9502
16.2122
16.4829
16.7628
17.0523
17.352
17.6625
17.9844
18.3185
18.6654
19.026
19.401
19.7914
20.1982
20.6223
21.0651
21.5276
22.0112
22.5174
23.0477
23.6037
24.1874
24.8007
25.4457
26.1248
26.8404
27.5954
28.3926
29.2354
30.127
31.0713
32.0724
33.1345
34.2623
35.4608
36.7353
38.0912
39.5345
41.0712
42.7073
44.449
46.3024
48.2729
50.3655
52.5839
54.9306
57.4057
60.0068
62.7279
65.5591
68.4854
71.4867
74.5369
77.6049
80.6542
83.6451
86.5359
89.2855
91.8559
94.215
96.3385
98.2116
99.8295
101.197
102.326
103.237
103.952
104.496
104.895
105.172
105.347
105.44
105.465
105.436
105.361
105.249
105.107
104.939
104.748
104.537
104.309
104.065
103.807
103.535
103.251
102.955
102.648
102.331
102.003
101.666
101.319
100.963
100.599
100.227
99.847
99.4592
99.0641
98.6619
98.2529
97.8373
97.4155
96.9876
96.5539
96.1146
95.6699
95.2201
94.7654
94.306
93.8421
93.3739
92.9017
92.4255
91.9456
91.4622
90.9755
90.4857
89.9929
89.4972
88.999
88.4983
87.9952
87.4901
86.9829
86.4738
85.9631
85.4507
84.937
84.4219
83.9056
83.3883
82.8701
82.351
81.8312
81.3109
80.79
80.2687
79.7472
79.2254
78.7036
78.1817
77.6599
77.1382
76.6167
76.0955
75.5747
75.0544
74.5345
74.0152
73.4965
72.9785
72.4612
71.9447
71.429
70.9143
70.4004
69.8875
69.3756
68.8648
68.355
67.8463
67.3388
66.8324
66.3273
65.8234
65.3207
64.8192
64.3191
63.8202
63.3227
62.8265
62.3317
61.8382
61.3461
60.8553
60.3659
59.878
59.3914
58.9062
58.4224
57.94
57.459
56.9794
56.5012
56.0244
55.549
55.075
54.6023
54.131
53.661
53.1924
52.7252
52.2592
51.7946
51.3313
50.8692
50.4084
49.9489
49.4906
49.0334
48.5775
48.1227
47.6691
47.2165
46.7651
46.3147
45.8653
45.4169
44.9695
44.5229
44.0773
43.6325
43.1885
42.7453
42.3028
41.8609
41.4197
40.979
40.5388
40.099
39.6596
39.2206
38.7818
38.3431
37.9046
37.466
37.0274
36.5887
36.1497
35.7104
35.2706
34.8304
34.3894
33.9477
33.5052
33.0616
32.6169
32.171
31.7237
31.2748
30.8243
30.372
29.9177
29.4612
29.0024
28.5411
28.0772
27.6104
27.1407
26.6676
26.1912
25.7112
25.2274
24.7395
24.2474
23.7509
23.2497
22.7437
22.2326
21.7163
21.1945
20.667
20.1337
19.5943
19.0488
18.4968
17.9384
17.3733
16.8015
16.2229
15.6375
15.0452
14.446
13.8401
13.2275
12.6085
11.9832
11.3519
10.715
10.0729
9.4261
8.77522
8.12091
7.46394
6.80516
6.1455
5.486
4.82779
4.17205
3.52008
2.87321
2.23284
1.60043
0.977434
0.365338
-0.234392
-0.820321
-1.39107
-1.94532
-2.48187
-2.99963
-3.49762
-3.97503
-4.4312
-4.86564
-5.27803
-5.66822
-6.03622
-6.38221
-6.70651
-7.00956
-7.29196
-7.55436
-7.79754
-8.02233
-8.2296
-8.42027
-8.59528
-8.75556
-8.90205
-9.03567
-9.15733
-9.26788
-9.36816
-9.45895
-9.54103
-9.61507
-9.68176
-9.74171
-9.7955
-9.84365
-9.88666
-9.92499
-9.95906
-9.98924
-10.0159
-10.0393
-10.0599
-10.0777
-10.0932
-10.1065
-10.1177
-10.1272
-10.1351
-10.1414
-10.1464
-10.1502
-10.1529
-10.1545
-10.1552
-10.1551
-10.1542
-10.1526
-10.1504
-10.1476
-10.1442
-10.1404
-10.1361
-10.1314
-10.1264
-10.1209
-10.1152
-10.1092
-10.103
-10.0964
-10.0897
-10.0827
-10.0756
-10.0683
-10.0608
-10.0531
-10.0453
-10.0374
-10.0293
-10.0211
-10.0128
-10.0044
-9.99592
-9.98733
-9.97865
-9.96988
-9.96103
-9.95211
-9.94311
-9.93404
-9.9249
-9.9157
-9.90644
-9.89712
-9.88774
-9.8783
-9.86881
-9.85927
-9.84967
-9.84003
-9.83033
-9.82059
-9.8108
-9.80096
-9.79108
-9.78115
-9.77118
-9.76117
-9.75111
-9.74101
-9.73087
-9.72068
-9.71046
-9.70019
-9.68989
-9.67954
-9.66916
-9.65873
-9.64827
-9.63776
-9.62722
-9.61664
-9.60602
-9.59537
-9.58467
-9.57394
-9.56316
-9.55235
-9.54151
-9.53062
-9.5197
-9.50874
-9.49774
-9.4867
-9.47563
-9.46452
-9.45337
-9.44219
-9.43096
-9.4197
-9.40841
-9.39707
-9.3857
-9.37429
-9.36285
-9.35136
-9.33984
-9.32829
-9.31669
-9.30506
-9.29339
-9.28169
-9.26995
-9.25817
-9.24635
-9.2345
-9.2226
-9.21068
-9.19871
-9.18671
-9.17467
-9.16259
-9.15048
-9.13833
-9.12614
-9.11391
-9.10165
-9.08935
-9.07701
-9.06464
-9.05223
-9.03978
-9.0273
-9.01477
-9.00221
-8.98962
-8.97698
-8.96431
-8.9516
-8.93886
-8.92608
-8.91326
-8.9004
-8.88751
-8.87458
-8.86161
-8.8486
-8.83556
-8.82248
-8.80936
-8.79621
-8.78302
-8.76979
-8.75652
-8.74322
-8.72988
-8.71651
-8.70309
-8.68964
-8.67615
-8.66263
-8.64907
-8.63547
-8.62184
-8.60816
-8.59445
-8.58071
-8.56692
-8.5531
-8.53925
-8.52535
-8.51142
-8.49746
-8.48345
-8.46941
-8.45533
-8.44122
-8.42707
-8.41288
-8.39866
-8.3844
-8.3701
-8.35577
-8.3414
-8.32699
-8.31255
-8.29807
-8.28355
-8.269
-8.25441
-8.23979
-8.22513
-8.21043
-8.1957
-8.18093
-8.16612
-8.15128
-8.1364
-8.12149
-8.10654
-8.09155
-8.07653
-8.06148
-8.04638
-8.03126
-8.01609
-8.00089
-7.98566
-7.97039
-7.95508
-7.93974
-7.92437
-7.90896
-7.89351
-7.87803
-7.86251
-7.84696
-7.83137
-7.81575
-7.80009
-7.7844
-7.76868
-7.75292
-7.73712
-7.72129
-7.70543
-7.68953
-7.67359
-7.65763
-7.64162
-7.62559
-7.60952
-7.59342
-7.57728
-7.56111
-7.5449
-7.52866
-7.51239
-7.49608
-7.47974
-7.46337
-7.44696
-7.43052
-7.41405
-7.39754
-7.381
-7.36443
-7.34783
-7.33119
-7.31452
-7.29781
-7.28108
-7.26431
-7.24751
-7.23068
-7.21381
-7.19692
-7.17999
-7.16303
-7.14603
-7.12901
-7.11195
-7.09486
-7.07775
-7.0606
-7.04341
-7.0262
-7.00896
-6.99168
-6.97438
-6.95704
-6.93967
-6.92227
-6.90485
-6.88739
-6.8699
-6.85238
-6.83483
-6.81725
-6.79964
-6.782
-6.76434
-6.74664
-6.72891
-6.71116
-6.69337
-6.67555
-6.65771
-6.63984
-6.62194
-6.60401
-6.58605
-6.56806
-6.55005
-6.532
-6.51393
-6.49583
-6.4777
-6.45955
-6.44137
-6.42316
-6.40492
-6.38666
-6.36836
-6.35004
-6.3317
-6.31333
-6.29493
-6.2765
-6.25805
-6.23957
-6.22107
-6.20254
-6.18398
-6.1654
-6.14679
-6.12816
-6.1095
-6.09082
-6.07211
-6.05338
-6.03462
-6.01584
-5.99703
-5.9782
-5.95934
-5.94046
-5.92156
-5.90263
-5.88368
-5.8647
-5.8457
-5.82668
-5.80763
-5.78857
-5.76947
-5.75036
-5.73122
-5.71206
-5.69288
-5.67368
-5.65445
-5.6352
-5.61593
-5.59664
-5.57733
-5.55799
-5.53864
-5.51926
-5.49986
-5.48045
-5.46101
-5.44155
-5.42207
-5.40257
-5.38305
-5.36351
-5.34395
-5.32437
-5.30477
-5.28515
-5.26551
-5.24586
-5.22618
-5.20649
-5.18678
-5.16705
-5.1473
-5.12753
-5.10774
-5.08794
-5.06812
-5.04828
-5.02843
-5.00855
-4.98866
-4.96876
-4.94883
-4.92889
-4.90894
-4.88896
-4.86897
-4.84897
-4.82895
-4.80891
-4.78886
-4.76879
-4.74871
-4.72861
-4.7085
-4.68837
-4.66823
-4.64808
-4.62791
-4.60772
-4.58752
-4.56731
-4.54709
-4.52685
-4.50659
-4.48633
-4.46605
-4.44576
-4.42545
-4.40514
-4.38481
-4.36446
-4.34411
-4.32375
-4.30337
-4.28298
-4.26258
-4.24217
-4.22174
-4.20131
-4.18087
-4.16041
-4.13995
-4.11947
-4.09898
-4.07849
-4.05798
-4.03746
-4.01694
-3.9964
-3.97586
-3.95531
-3.93475
-3.91417
-3.89359
-3.87301
-3.85241
-3.83181
-3.81119
-3.79057
-3.76994
-3.74931
-3.72867
-3.70802
-3.68736
-3.66669
-3.64602
-3.62535
-3.60466
-3.58397
-3.56328
-3.54257
-3.52186
-3.50115
-3.48043
-3.45971
-3.43898
-3.41824
-3.3975
-3.37675
-3.356
-3.33525
-3.31449
-3.29373
-3.27296
-3.25219
-3.23142
-3.21064
-3.18986
-3.16907
-3.14829
-3.12749
-3.1067
-3.0859
-3.0651
-3.0443
-3.0235
-3.00269
-2.98189
-2.96108
-2.94026
-2.91945
-2.89864
-2.87782
-2.857
-2.83619
-2.81537
-2.79455
-2.77373
-2.75291
-2.73209
-2.71127
-2.69044
-2.66962
-2.6488
-2.62798
-2.60716
-2.58634
-2.56553
-2.54471
-2.52389
-2.50308
-2.48226
-2.46145
-2.44064
-2.41983
-2.39902
-2.37822
-2.35742
-2.33661
-2.31582
-2.29502
-2.27423
-2.25344
-2.23265
-2.21186
-2.19108
-2.1703
-2.14953
-2.12876
-2.10799
-2.08723
-2.06647
-2.04571
-2.02496
-2.00421
-1.98347
-1.96273
-1.94199
-1.92126
-1.90054
-1.87982
-1.8591
-1.83839
-1.81769
-1.79699
-1.77629
-1.75561
-1.73492
-1.71425
-1.69358
-1.67291
-1.65225
-1.6316
-1.61095
-1.59031
-1.56968
-1.54905
-1.52843
-1.50782
-1.48722
-1.46662
-1.44603
-1.42544
-1.40487
-1.3843
-1.36373
-1.34318
-1.32263
-1.30209
-1.28156
-1.26104
-1.24053
-1.22002
-1.19952
-1.17903
-1.15855
-1.13808
-1.11762
-1.09716
-1.07672
-1.05628
-1.03585
-1.01543
-0.995021
-0.974621
-0.95423
-0.933848
-0.913475
-0.893113
-0.87276
-0.852416
-0.832083
-0.811759
-0.791446
-0.771142
-0.750849
-0.730565
-0.710292
-0.69003
-0.669777
-0.649536
-0.629304
-0.609084
-0.588874
-0.568674
-0.548486
-0.528308
-0.508142
-0.487986
-0.467842
-0.447708
-0.427586
-0.407475
-0.387375
-0.367287
-0.34721
-0.327144
-0.30709
-0.287048
-0.267017
-0.246998
-0.226991
-0.206995
-0.187011
-0.167039
-0.147079
-0.127131
-0.107195
-0.0872715
-0.0673597
-0.0474601
-0.0275727
-0.00769748
0.0121654
0.032016
0.0518542
0.07168
0.0914934
0.111294
0.131083
0.150859
0.170622
0.190372
0.21011
0.229836
0.249548
0.269248
0.288935
0.30861
0.328271
0.34792
0.367556
0.387179
0.406788
0.426385
0.44597
0.465541
0.485099
0.504644
0.524176
0.543694
0.5632
0.582693
0.602172
0.621639
0.641092
0.660532
0.679959
0.699373
0.718774
0.738161
0.757535
0.776896
0.796244
0.815579
0.8349
0.854208
0.873503
0.892784
0.912053
0.931308
0.95055
0.969778
0.988994
1.0082
1.02738
1.04656
1.06572
1.08487
1.10401
1.12313
1.14224
1.16134
1.18042
1.19949
1.21855
1.23759
1.25662
1.27564
1.29464
1.31363
1.33261
1.35158
1.37053
1.38947
1.40839
1.42731
1.44621
1.4651
1.48397
1.50283
1.52168
1.54052
1.55934
1.57815
1.59695
1.61573
1.6345
1.65326
1.67201
1.69074
1.70947
1.72817
1.74687
1.76556
1.78423
1.80289
1.82153
1.84017
1.85879
1.8774
1.896
1.91459
1.93316
1.95172
1.97027
1.98881
2.00734
2.02585
2.04435
2.06284
2.08132
2.09979
2.11824
2.13669
2.15512
2.17354
2.19195
2.21035
2.22874
2.24711
2.26548
2.28383
2.30217
2.32051
2.33883
2.35714
2.37543
2.39372
2.412
2.43027
2.44852
2.46677
2.48501
2.50323
2.52145
2.53965
2.55785
2.57603
2.59421
2.61237
2.63053
2.64867
2.66681
2.68493
2.70305
2.72116
2.73926
2.75734
2.77542
2.79349
2.81156
2.82961
2.84765
2.86569
2.88371
2.90173
2.91974
2.93774
2.95573
2.97372
2.99169
3.00966
3.02762
3.04558
3.06352
3.08146
3.09939
3.11731
3.13522
3.15313
3.17103
3.18893
3.20681
3.22469
3.24257
3.26043
3.27829
3.29615
3.314
3.33184
3.34967
3.3675
3.38533
3.40315
3.42096
3.43877
3.45657
3.47437
3.49216
3.50995
3.52773
3.5455
3.56328
3.58105
3.59881
3.61657
3.63433
3.65208
3.66983
3.68757
3.70532
3.72305
3.74079
3.75852
3.77625
3.79398
3.8117
3.82942
3.84714
3.86486
3.88257
3.90028
3.918
3.93571
3.95341
3.97112
3.98883
4.00653
4.02424
4.04194
4.05964
4.07735
4.09505
4.11275
4.13046
4.14816
4.16586
4.18357
4.20127
4.21898
4.23669
4.2544
4.27211
4.28983
4.30754
4.32526
4.34298
4.3607
4.37843
4.39616
4.41389
4.43163
4.44937
4.46711
4.48486
4.50261
4.52036
4.53812
4.55589
4.57366
4.59144
4.60922
4.62701
4.6448
4.6626
4.68041
4.69822
4.71604
4.73387
4.7517
4.76955
4.7874
4.80526
4.82312
4.841
4.85888
4.87678
4.89468
4.9126
4.93052
4.94845
4.9664
4.98435
5.00232
5.0203
5.03829
5.05629
5.0743
5.09233
5.11037
5.12842
5.14649
5.16457
5.18266
5.20077
5.21889
5.23703
5.25519
5.27336
5.29154
5.30974
5.32796
5.3462
5.36445
5.38272
5.40101
5.41932
5.43765
5.45599
5.47436
5.49275
5.51115
5.52958
5.54803
5.5665
5.58499
5.60351
5.62205
5.64061
5.65919
5.6778
5.69643
5.71509
5.73378
5.75249
5.77122
5.78999
5.80878
5.8276
5.84644
5.86532
5.88423
5.90316
5.92213
5.94112
5.96015
5.97921
5.9983
6.01743
6.03658
6.05578
6.07501
6.09427
6.11357
6.1329
6.15227
6.17168
6.19113
6.21062
6.23015
6.24971
6.26932
6.28897
6.30866
6.3284
6.34817
6.368
6.38786
6.40778
6.42774
6.44774
6.4678
6.4879
6.50805
6.52826
6.54851
6.56882
6.58918
6.60959
6.63006
6.65058
6.67116
6.6918
6.7125
6.73325
6.75407
6.77494
6.79588
6.81688
6.83794
6.85907
6.88027
6.90153
6.92286
6.94426
6.96573
6.98727
7.00888
7.03057
7.05233
7.07417
7.09609
7.11809
7.14016
7.16232
7.18456
7.20688
7.22929
7.25179
7.27437
7.29704
7.31981
7.34266
7.36562
7.38866
7.41181
7.43505
7.45839
7.48184
7.50539
7.52904
7.55281
7.57668
7.60066
7.62476
7.64897
7.67329
7.69774
7.72231
7.747
7.77181
7.79675
7.82182
7.84702
7.87236
7.89783
7.92344
7.94919
7.97509
8.00113
8.02732
8.05366
8.08015
8.1068
8.13361
8.16058
8.18772
8.21503
8.2425
8.27015
8.29798
8.32599
8.35418
8.38256
8.41113
8.43989
8.46885
8.49802
8.52738
8.55696
8.58675
8.61676
8.64699
8.67745
8.70814
8.73906
8.77022
8.80162
8.83327
8.86518
8.89734
8.92977
8.96247
8.99544
9.02869
9.06223
9.09605
9.13018
9.16461
9.19934
9.2344
9.26978
9.30548
9.34152
9.37791
9.41465
9.45174
9.4892
9.52704
9.56526
9.60386
9.64287
9.68229
9.72212
9.76238
9.80307
9.84421
9.88581
9.92787
9.97041
10.0134
10.057
10.101
10.1456
10.1907
10.2363
10.2825
10.3293
10.3767
10.4247
10.4733
10.5225
10.5724
10.6229
10.6742
10.7261
10.7787
10.8321
10.8863
10.9412
10.9969
11.0535
11.1109
11.1691
11.2282
11.2883
11.3493
11.4112
11.4741
11.5381
11.6031
11.6691
11.7363
11.8046
11.8741
11.9448
12.0168
12.09
12.1645
12.2404
12.3178
12.3965
12.4768
12.5586
12.6419
12.727
12.8137
12.9021
12.9924
13.0846
13.1786
13.2747
13.3729
13.4731
13.5756
13.6804
13.7876
13.8972
14.0093
14.1241
14.2417
14.3621
14.4854
14.6118
14.7414
14.8743
15.0106
15.1505
15.2942
15.4417
15.5932
15.7489
15.9091
16.0737
16.2432
16.4176
16.5972
16.7822
16.9729
17.1695
17.3723
17.5816
17.7977
18.0209
18.2515
18.49
18.7367
18.992
19.2563
19.5302
19.8141
20.1085
20.414
20.7312
21.0607
21.4032
21.7595
22.1302
22.5162
22.9183
23.3376
23.7749
24.2314
24.7082
25.2065
25.7276
26.2729
26.8438
27.4419
28.069
28.7266
29.4169
30.1417
30.9032
31.7036
32.5453
33.4309
34.3628
35.3438
36.3768
37.4645
38.61
39.8161
41.0857
42.4218
43.8269
45.3034
46.8536
48.4788
50.1801
51.9576
53.8105
55.7367
57.7327
59.7934
61.9118
64.0789
66.2837
68.5131
70.7518
72.983
75.1884
77.3489
79.4451
81.4582
83.3706
85.1668
86.834
88.3622
89.745
90.9797
92.0665
93.0087
93.8123
94.4851
95.0362
95.4757
95.8139
96.0611
96.2271
96.321
96.3513
96.3256
96.2505
96.132
95.9751
95.7843
95.5634
95.3156
95.0436
94.7499
94.4366
94.1054
93.7578
93.3952
93.0187
92.6295
92.2284
91.8164
91.394
90.9622
90.5214
90.0722
89.6153
89.1511
88.6802
88.2028
87.7195
87.2307
86.7367
86.2379
85.7347
85.2273
84.716
84.2013
83.6833
83.1622
82.6385
82.1123
81.5838
81.0533
80.5209
79.987
79.4516
78.9151
78.3774
77.8389
77.2997
76.7598
76.2196
75.6791
75.1385
74.5978
74.0572
73.5169
72.9769
72.4373
71.8982
71.3598
70.8221
70.2851
69.749
69.2139
68.6798
68.1467
67.6148
67.084
66.5545
66.0263
65.4995
64.974
64.45
63.9273
63.4062
62.8866
62.3686
61.8521
61.3372
60.824
60.3123
59.8024
59.294
58.7874
58.2824
57.7792
57.2776
56.7777
56.2795
55.783
55.2883
54.7952
54.3038
53.8141
53.3261
52.8397
52.3551
51.872
51.3906
50.9108
50.4326
49.9561
49.481
49.0075
48.5356
48.0651
47.5962
47.1286
46.6625
46.1978
45.7345
45.2724
44.8117
44.3522
43.8939
43.4368
42.9809
42.526
42.0721
41.6192
41.1673
40.7162
40.2659
39.8164
39.3676
38.9194
38.4717
38.0245
37.5777
37.1312
36.6849
36.2388
35.7927
35.3465
34.9002
34.4537
34.0067
33.5593
33.1113
32.6626
32.213
31.7624
31.3107
30.8577
30.4033
29.9474
29.4897
29.0301
28.5686
28.1048
27.6386
27.1698
26.6983
26.2239
25.7464
25.2655
24.7812
24.2932
23.8013
23.3052
22.805
22.3002
21.7908
21.2765
20.7572
20.2327
19.7028
19.1673
18.6262
18.0793
17.5264
16.9676
16.4027
15.8316
15.2544
14.6711
14.0817
13.4863
12.8852
12.2784
11.6662
11.049
10.4271
9.8009
9.17097
8.53789
7.90229
7.26493
6.62662
5.98824
5.35078
4.71527
4.08284
3.45464
2.83192
2.21593
1.60799
1.0094
0.421476
-0.154476
-0.717193
-1.26546
-1.79814
-2.31417
-2.81259
-3.29258
-3.75341
-4.19452
-4.61548
-5.01601
-5.39597
-5.75536
-6.09432
-6.41313
-6.71217
-6.99193
-7.25298
-7.49599
-7.72167
-7.93078
-8.12413
-8.30254
-8.46683
-8.61784
-8.75639
-8.8833
-8.99933
-9.10526
-9.2018
-9.28964
-9.36945
-9.44185
-9.50741
-9.56667
-9.62016
-9.66833
-9.71164
-9.75048
-9.78523
-9.81624
-9.84383
-9.86828
-9.88987
-9.90884
-9.92541
-9.9398
-9.95219
-9.96276
-9.97165
-9.97902
-9.98499
-9.98969
-9.99322
-9.99568
-9.99716
-9.99774
-9.9975
-9.99651
-9.99483
-9.99252
-9.98962
-9.98618
-9.98225
-9.97787
-9.97307
-9.96788
-9.96233
-9.95646
-9.95028
-9.94382
-9.9371
-9.93014
-9.92295
-9.91555
-9.90795
-9.90017
-9.89222
-9.88412
-9.87586
-9.86746
-9.85893
-9.85027
-9.8415
-9.83262
-9.82363
-9.81454
-9.80536
-9.79608
-9.78673
-9.77729
-9.76777
-9.75817
-9.74851
-9.73877
-9.72897
-9.7191
-9.70917
-9.69918
-9.68913
-9.67903
-9.66887
-9.65865
-9.64838
-9.63806
-9.62769
-9.61727
-9.6068
-9.59629
-9.58572
-9.57511
-9.56446
-9.55376
-9.54302
-9.53223
-9.5214
-9.51052
-9.49961
-9.48865
-9.47765
-9.46661
-9.45553
-9.4444
-9.43324
-9.42204
-9.41079
-9.39951
-9.38819
-9.37682
-9.36542
-9.35398
-9.3425
-9.33098
-9.31942
-9.30783
-9.29619
-9.28452
-9.27281
-9.26106
-9.24927
-9.23744
-9.22558
-9.21368
-9.20174
-9.18976
-9.17774
-9.16569
-9.1536
-9.14147
-9.1293
-9.1171
-9.10485
-9.09257
-9.08026
-9.0679
-9.05551
-9.04308
-9.03061
-9.01811
-9.00556
-8.99298
-8.98036
-8.96771
-8.95502
-8.94229
-8.92952
-8.91672
-8.90387
-8.89099
-8.87808
-8.86512
-8.85213
-8.8391
-8.82604
-8.81294
-8.7998
-8.78662
-8.7734
-8.76015
-8.74686
-8.73354
-8.72017
-8.70677
-8.69334
-8.67986
-8.66635
-8.6528
-8.63922
-8.62559
-8.61193
-8.59824
-8.5845
-8.57073
-8.55693
-8.54308
-8.5292
-8.51528
-8.50133
-8.48734
-8.47331
-8.45924
-8.44514
-8.431
-8.41683
-8.40262
-8.38837
-8.37408
-8.35976
-8.3454
-8.33101
-8.31658
-8.30211
-8.28761
-8.27307
-8.25849
-8.24388
-8.22923
-8.21454
-8.19982
-8.18506
-8.17027
-8.15544
-8.14058
-8.12568
-8.11074
-8.09577
-8.08076
-8.06571
-8.05063
-8.03552
-8.02036
-8.00518
-7.98996
-7.9747
-7.9594
-7.94408
-7.92871
-7.91331
-7.89788
-7.88241
-7.8669
-7.85136
-7.83579
-7.82018
-7.80453
-7.78885
-7.77314
-7.75739
-7.74161
-7.72579
-7.70994
-7.69405
-7.67813
-7.66218
-7.64619
-7.63016
-7.6141
-7.59801
-7.58189
-7.56573
-7.54953
-7.53331
-7.51705
-7.50075
-7.48442
-7.46806
-7.45167
-7.43524
-7.41878
-7.40229
-7.38576
-7.3692
-7.35261
-7.33598
-7.31932
-7.30263
-7.28591
-7.26915
-7.25236
-7.23554
-7.21869
-7.20181
-7.18489
-7.16794
-7.15096
-7.13395
-7.11691
-7.09983
-7.08272
-7.06559
-7.04842
-7.03122
-7.01398
-6.99672
-6.97943
-6.9621
-6.94475
-6.92736
-6.90995
-6.8925
-6.87503
-6.85752
-6.83998
-6.82242
-6.80482
-6.78719
-6.76954
-6.75185
-6.73414
-6.71639
-6.69862
-6.68082
-6.66299
-6.64513
-6.62724
-6.60932
-6.59138
-6.5734
-6.5554
-6.53737
-6.51931
-6.50122
-6.48311
-6.46497
-6.4468
-6.4286
-6.41038
-6.39212
-6.37384
-6.35554
-6.33721
-6.31885
-6.30046
-6.28205
-6.26361
-6.24514
-6.22665
-6.20814
-6.18959
-6.17102
-6.15243
-6.13381
-6.11517
-6.0965
-6.0778
-6.05908
-6.04034
-6.02157
-6.00277
-5.98395
-5.96511
-5.94624
-5.92735
-5.90844
-5.8895
-5.87054
-5.85155
-5.83254
-5.81351
-5.79445
-5.77538
-5.75628
-5.73715
-5.71801
-5.69884
-5.67965
-5.66044
-5.6412
-5.62194
-5.60267
-5.58337
-5.56405
-5.54471
-5.52534
-5.50596
-5.48655
-5.46713
-5.44768
-5.42822
-5.40873
-5.38923
-5.3697
-5.35015
-5.33059
-5.311
-5.2914
-5.27178
-5.25214
-5.23247
-5.21279
-5.1931
-5.17338
-5.15365
-5.13389
-5.11412
-5.09433
-5.07453
-5.0547
-5.03486
-5.015
-4.99513
-4.97524
-4.95533
-4.9354
-4.91546
-4.89551
-4.87553
-4.85554
-4.83554
-4.81551
-4.79548
-4.77543
-4.75536
-4.73528
-4.71518
-4.69507
-4.67494
-4.6548
-4.63465
-4.61448
-4.5943
-4.5741
-4.55389
-4.53367
-4.51343
-4.49318
-4.47292
-4.45264
-4.43235
-4.41205
-4.39174
-4.37142
-4.35108
-4.33073
-4.31037
-4.29
-4.26961
-4.24922
-4.22881
-4.2084
-4.18797
-4.16753
-4.14708
-4.12662
-4.10615
-4.08567
-4.06519
-4.04469
-4.02418
-4.00366
-3.98314
-3.9626
-3.94206
-3.9215
-3.90094
-3.88037
-3.85979
-3.83921
-3.81861
-3.79801
-3.7774
-3.75679
-3.73616
-3.71553
-3.69489
-3.67425
-3.6536
-3.63294
-3.61227
-3.5916
-3.57092
-3.55024
-3.52955
-3.50886
-3.48816
-3.46745
-3.44674
-3.42603
-3.40531
-3.38458
-3.36386
-3.34312
-3.32238
-3.30164
-3.2809
-3.26015
-3.23939
-3.21864
-3.19788
-3.17711
-3.15635
-3.13558
-3.11481
-3.09403
-3.07325
-3.05247
-3.03169
-3.01091
-2.99012
-2.96934
-2.94855
-2.92776
-2.90697
-2.88617
-2.86538
-2.84459
-2.82379
-2.803
-2.7822
-2.7614
-2.74061
-2.71981
-2.69901
-2.67822
-2.65742
-2.63663
-2.61583
-2.59504
-2.57425
-2.55345
-2.53266
-2.51187
-2.49109
-2.4703
-2.44952
-2.42873
-2.40795
-2.38717
-2.3664
-2.34562
-2.32485
-2.30408
-2.28332
-2.26256
-2.2418
-2.22104
-2.20029
-2.17954
-2.15879
-2.13805
-2.11731
-2.09657
-2.07584
-2.05512
-2.03439
-2.01368
-1.99296
-1.97225
-1.95155
-1.93085
-1.91016
-1.88947
-1.86878
-1.84811
-1.82743
-1.80677
-1.7861
-1.76545
-1.7448
-1.72415
-1.70352
-1.68288
-1.66226
-1.64164
-1.62103
-1.60042
-1.57982
-1.55923
-1.53865
-1.51807
-1.4975
-1.47694
-1.45638
-1.43583
-1.41529
-1.39476
-1.37423
-1.35371
-1.33321
-1.3127
-1.29221
-1.27173
-1.25125
-1.23078
-1.21032
-1.18987
-1.16943
-1.149
-1.12857
-1.10816
-1.08775
-1.06736
-1.04697
-1.02659
-1.00622
-0.985862
-0.965513
-0.945173
-0.924843
-0.904523
-0.884213
-0.863912
-0.843622
-0.823343
-0.803073
-0.782814
-0.762565
-0.742327
-0.722099
-0.701882
-0.681675
-0.661479
-0.641295
-0.621121
-0.600958
-0.580806
-0.560665
-0.540536
-0.520417
-0.50031
-0.480215
-0.460131
-0.440058
-0.419997
-0.399948
-0.37991
-0.359884
-0.33987
-0.319867
-0.299877
-0.279898
-0.259932
-0.239978
-0.220036
-0.200106
-0.180188
-0.160282
-0.140389
-0.120509
-0.10064
-0.0807844
-0.0609411
-0.0411104
-0.0212923
-0.00148688
0.0183058
0.0380858
0.057853
0.0776074
0.0973489
0.117077
0.136793
0.156496
0.176185
0.195862
0.215525
0.235176
0.254813
0.274437
0.294048
0.313646
0.33323
0.352801
0.372359
0.391903
0.411434
0.430951
0.450455
0.469946
0.489423
0.508887
0.528337
0.547774
0.567197
0.586606
0.606002
0.625384
0.644753
0.664108
0.683449
0.702777
0.722091
0.741391
0.760678
0.779951
0.79921
0.818455
0.837687
0.856905
0.876109
0.895299
0.914476
0.933639
0.952788
0.971923
0.991045
1.01015
1.02925
1.04833
1.06739
1.08645
1.10549
1.12451
1.14352
1.16252
1.1815
1.20047
1.21943
1.23837
1.2573
1.27622
1.29512
1.31401
1.33288
1.35174
1.37059
1.38942
1.40824
1.42705
1.44584
1.46462
1.48339
1.50214
1.52088
1.53961
1.55832
1.57702
1.5957
1.61438
1.63303
1.65168
1.67031
1.68893
1.70754
1.72613
1.74471
1.76328
1.78183
1.80037
1.8189
1.83741
1.85591
1.8744
1.89288
1.91134
1.92979
1.94823
1.96665
1.98506
2.00346
2.02185
2.04022
2.05858
2.07693
2.09527
2.1136
2.13191
2.15021
2.1685
2.18677
2.20504
2.22329
2.24153
2.25975
2.27797
2.29617
2.31437
2.33255
2.35072
2.36887
2.38702
2.40515
2.42328
2.44139
2.45949
2.47758
2.49565
2.51372
2.53178
2.54982
2.56785
2.58588
2.60389
2.62189
2.63988
2.65786
2.67583
2.69379
2.71174
2.72968
2.74761
2.76553
2.78344
2.80133
2.81922
2.8371
2.85497
2.87283
2.89068
2.90852
2.92635
2.94418
2.96199
2.97979
2.99759
3.01537
3.03315
3.05092
3.06868
3.08643
3.10417
3.1219
3.13963
3.15735
3.17506
3.19276
3.21045
3.22814
3.24581
3.26348
3.28115
3.2988
3.31645
3.33409
3.35173
3.36935
3.38697
3.40458
3.42219
3.43979
3.45738
3.47497
3.49255
3.51013
3.5277
3.54526
3.56282
3.58037
3.59791
3.61546
3.63299
3.65052
3.66805
3.68557
3.70308
3.72059
3.7381
3.7556
3.7731
3.7906
3.80809
3.82557
3.84305
3.86053
3.87801
3.89548
3.91295
3.93042
3.94788
3.96534
3.9828
4.00025
4.01771
4.03516
4.05261
4.07005
4.0875
4.10494
4.12238
4.13983
4.15727
4.17471
4.19215
4.20958
4.22702
4.24446
4.2619
4.27934
4.29677
4.31421
4.33165
4.34909
4.36653
4.38398
4.40142
4.41886
4.43631
4.45376
4.47121
4.48866
4.50612
4.52358
4.54104
4.5585
4.57597
4.59344
4.61092
4.6284
4.64588
4.66337
4.68086
4.69836
4.71586
4.73336
4.75088
4.76839
4.78592
4.80345
4.82098
4.83852
4.85607
4.87363
4.89119
4.90876
4.92634
4.94393
4.96152
4.97913
4.99674
5.01436
5.03199
5.04963
5.06728
5.08494
5.10261
5.12029
5.13798
5.15568
5.17339
5.19112
5.20886
5.22661
5.24437
5.26214
5.27993
5.29773
5.31555
5.33338
5.35122
5.36908
5.38695
5.40484
5.42275
5.44067
5.4586
5.47656
5.49453
5.51252
5.53052
5.54854
5.56659
5.58465
5.60273
5.62083
5.63895
5.65709
5.67525
5.69343
5.71164
5.72986
5.74811
5.76638
5.78467
5.80299
5.82133
5.8397
5.85809
5.87651
5.89495
5.91342
5.93191
5.95043
5.96898
5.98756
6.00617
6.0248
6.04347
6.06217
6.08089
6.09965
6.11844
6.13726
6.15611
6.175
6.19392
6.21288
6.23187
6.2509
6.26996
6.28906
6.30819
6.32737
6.34658
6.36583
6.38513
6.40446
6.42383
6.44325
6.46271
6.48221
6.50176
6.52135
6.54099
6.56067
6.5804
6.60017
6.62
6.63987
6.6598
6.67977
6.6998
6.71988
6.74001
6.7602
6.78044
6.80074
6.82109
6.8415
6.86197
6.8825
6.90309
6.92375
6.94446
6.96524
6.98608
7.00699
7.02796
7.049
7.07011
7.09129
7.11254
7.13387
7.15526
7.17673
7.19828
7.2199
7.2416
7.26338
7.28524
7.30719
7.32921
7.35132
7.37352
7.3958
7.41818
7.44064
7.4632
7.48584
7.50859
7.53143
7.55436
7.5774
7.60054
7.62378
7.64712
7.67058
7.69414
7.71781
7.74159
7.76549
7.7895
7.81363
7.83788
7.86225
7.88674
7.91136
7.93611
7.96099
7.986
8.01114
8.03643
8.06185
8.08741
8.11312
8.13898
8.16498
8.19114
8.21745
8.24392
8.27055
8.29735
8.32431
8.35144
8.37874
8.40622
8.43388
8.46171
8.48974
8.51795
8.54636
8.57496
8.60376
8.63277
8.66198
8.6914
8.72104
8.75089
8.78098
8.81128
8.84182
8.8726
8.90362
8.93488
8.9664
8.99817
9.0302
9.0625
9.09507
9.12791
9.16104
9.19446
9.22817
9.26218
9.2965
9.33113
9.36608
9.40135
9.43696
9.47291
9.5092
9.54585
9.58286
9.62024
9.65799
9.69614
9.73468
9.77362
9.81297
9.85275
9.89295
9.9336
9.9747
10.0163
10.0583
10.1008
10.1438
10.1873
10.2313
10.2759
10.321
10.3666
10.4129
10.4597
10.5071
10.5551
10.6037
10.653
10.7029
10.7535
10.8048
10.8568
10.9096
10.9631
11.0173
11.0724
11.1282
11.1849
11.2424
11.3008
11.3601
11.4203
11.4815
11.5436
11.6068
11.6709
11.7362
11.8025
11.8699
11.9385
12.0083
12.0793
12.1516
12.2252
12.3001
12.3764
12.4541
12.5332
12.6139
12.6962
12.78
12.8656
12.9528
13.0418
13.1327
13.2254
13.3201
13.4169
13.5157
13.6167
13.7199
13.8255
13.9335
14.0439
14.157
14.2727
14.3912
14.5126
14.637
14.7645
14.8953
15.0294
15.167
15.3082
15.4532
15.6021
15.7552
15.9124
16.0742
16.2406
16.4118
16.588
16.7696
16.9566
17.1494
17.3482
17.5533
17.765
17.9836
18.2094
18.4428
18.6842
18.9339
19.1923
19.46
19.7373
20.0248
20.3231
20.6325
20.9539
21.2878
21.6348
21.9959
22.3716
22.7628
23.1705
23.5955
24.0389
24.5018
24.9852
25.4905
26.0189
26.5718
27.1507
27.7571
28.3929
29.0596
29.7593
30.494
31.2658
32.0768
32.9296
33.8265
34.7701
35.7631
36.8083
37.9084
39.0663
40.2849
41.5669
42.9149
44.3316
45.8191
47.3791
49.0131
50.7215
52.5042
54.3599
56.286
58.2788
60.3324
62.4396
64.5909
66.7749
68.9783
71.1859
73.3808
75.5451
77.6601
79.7072
81.6684
83.5272
85.2691
86.8824
88.3583
89.6913
90.8792
91.9228
92.8261
93.5948
94.2368
94.761
95.1772
95.4954
95.7253
95.8764
95.9575
95.9767
95.9411
95.8572
95.7308
95.5666
95.369
95.1417
94.8878
94.61
94.3107
93.9919
93.6553
93.3024
92.9347
92.5532
92.159
91.7531
91.3362
90.9092
90.4728
90.0275
89.5739
89.1127
88.6443
88.1692
87.6879
87.2007
86.7081
86.2105
85.7081
85.2014
84.6907
84.1762
83.6583
83.1373
82.6133
82.0868
81.5579
81.0268
80.4938
79.9591
79.4229
78.8854
78.3468
77.8072
77.2668
76.7258
76.1843
75.6425
75.1005
74.5585
74.0165
73.4748
72.9333
72.3922
71.8517
71.3117
70.7725
70.234
69.6964
69.1597
68.624
68.0895
67.556
67.0237
66.4927
65.963
65.4347
64.9077
64.3822
63.8581
63.3355
62.8145
62.2951
61.7772
61.2609
60.7463
60.2334
59.7221
59.2124
58.7045
58.1983
57.6938
57.191
56.6899
56.1906
55.693
55.1971
54.7029
54.2104
53.7197
53.2306
52.7433
52.2576
51.7736
51.2912
50.8105
50.3314
49.854
49.3781
48.9038
48.431
47.9598
47.49
47.0217
46.5549
46.0894
45.6254
45.1627
44.7013
44.2411
43.7822
43.3245
42.8679
42.4124
41.958
41.5046
41.052
40.6004
40.1496
39.6996
39.2502
38.8015
38.3533
37.9056
37.4583
37.0114
36.5646
36.118
35.6714
35.2248
34.778
34.331
33.8836
33.4356
32.9871
32.5379
32.0878
31.6367
31.1844
30.7309
30.276
29.8194
29.3612
28.9011
28.4389
27.9744
27.5076
27.0382
26.566
26.0909
25.6127
25.1311
24.646
24.1572
23.6645
23.1677
22.6666
22.161
21.6508
21.1356
20.6155
20.0901
19.5594
19.0231
18.4811
17.9334
17.3798
16.8201
16.2545
15.6827
15.1049
14.521
13.9311
13.3353
12.7339
12.1269
11.5146
10.8975
10.2757
9.64994
9.02057
8.38823
7.7536
7.11742
6.48053
5.84383
5.20831
4.57501
3.94507
3.31964
2.69998
2.08733
1.483
0.888287
0.3045
-0.267081
-0.825213
-1.36871
-1.89645
-2.4074
-2.90066
-3.37541
-3.83098
-4.26684
-4.68258
-5.07796
-5.45288
-5.80736
-6.14157
-6.45581
-6.75047
-7.02606
-7.28317
-7.52247
-7.74466
-7.95052
-8.14085
-8.31646
-8.47817
-8.62681
-8.7632
-8.88812
-9.00236
-9.10665
-9.20172
-9.28824
-9.36685
-9.43817
-9.50277
-9.56118
-9.61389
-9.66139
-9.70408
-9.74238
-9.77666
-9.80724
-9.83445
-9.85857
-9.87986
-9.89857
-9.91492
-9.92911
-9.94132
-9.95173
-9.96049
-9.96773
-9.9736
-9.9782
-9.98164
-9.98402
-9.98543
-9.98596
-9.98566
-9.98462
-9.98289
-9.98053
-9.97759
-9.97412
-9.97015
-9.96573
-9.9609
-9.95568
-9.95011
-9.9442
-9.93799
-9.93151
-9.92475
-9.91776
-9.91054
-9.90311
-9.89548
-9.88768
-9.8797
-9.87156
-9.86327
-9.85484
-9.84627
-9.83758
-9.82878
-9.81986
-9.81084
-9.80172
-9.7925
-9.78319
-9.7738
-9.76432
-9.75476
-9.74513
-9.73543
-9.72566
-9.71581
-9.70591
-9.69594
-9.68591
-9.67582
-9.66568
-9.65547
-9.64522
-9.63491
-9.62455
-9.61414
-9.60367
-9.59316
-9.58261
-9.572
-9.56135
-9.55065
-9.53991
-9.52912
-9.51829
-9.50742
-9.4965
-9.48554
-9.47454
-9.46349
-9.45241
-9.44128
-9.43011
-9.4189
-9.40766
-9.39637
-9.38504
-9.37367
-9.36226
-9.35082
-9.33933
-9.3278
-9.31624
-9.30464
-9.293
-9.28132
-9.2696
-9.25784
-9.24604
-9.23421
-9.22234
-9.21043
-9.19848
-9.18649
-9.17447
-9.16241
-9.15031
-9.13817
-9.12599
-9.11378
-9.10153
-9.08924
-9.07691
-9.06455
-9.05215
-9.03971
-9.02723
-9.01471
-9.00216
-8.98957
-8.97695
-8.96428
-8.95158
-8.93884
-8.92606
-8.91325
-8.9004
-8.88751
-8.87458
-8.86162
-8.84862
-8.83558
-8.82251
-8.8094
-8.79625
-8.78306
-8.76983
-8.75657
-8.74327
-8.72994
-8.71657
-8.70316
-8.68971
-8.67622
-8.6627
-8.64914
-8.63555
-8.62192
-8.60825
-8.59454
-8.5808
-8.56702
-8.5532
-8.53935
-8.52546
-8.51153
-8.49756
-8.48356
-8.46952
-8.45545
-8.44134
-8.42719
-8.41301
-8.39878
-8.38453
-8.37023
-8.3559
-8.34153
-8.32713
-8.31269
-8.29821
-8.2837
-8.26915
-8.25456
-8.23994
-8.22528
-8.21059
-8.19586
-8.18109
-8.16629
-8.15145
-8.13657
-8.12166
-8.10672
-8.09173
-8.07671
-8.06166
-8.04657
-8.03145
-8.01629
-8.00109
-7.98586
-7.97059
-7.95529
-7.93995
-7.92458
-7.90917
-7.89372
-7.87824
-7.86273
-7.84718
-7.8316
-7.81598
-7.80032
-7.78464
-7.76891
-7.75315
-7.73736
-7.72154
-7.70567
-7.68978
-7.67385
-7.65788
-7.64189
-7.62585
-7.60979
-7.59368
-7.57755
-7.56138
-7.54518
-7.52894
-7.51267
-7.49637
-7.48003
-7.46366
-7.44726
-7.43083
-7.41436
-7.39785
-7.38132
-7.36475
-7.34815
-7.33151
-7.31485
-7.29815
-7.28142
-7.26465
-7.24785
-7.23103
-7.21416
-7.19727
-7.18035
-7.16339
-7.1464
-7.12938
-7.11233
-7.09524
-7.07813
-7.06098
-7.04381
-7.0266
-7.00936
-6.99209
-6.97479
-6.95745
-6.94009
-6.9227
-6.90527
-6.88782
-6.87034
-6.85282
-6.83528
-6.8177
-6.8001
-6.78247
-6.7648
-6.74711
-6.72939
-6.71164
-6.69386
-6.67605
-6.65821
-6.64034
-6.62244
-6.60452
-6.58657
-6.56858
-6.55058
-6.53254
-6.51447
-6.49638
-6.47826
-6.46011
-6.44193
-6.42373
-6.40549
-6.38724
-6.36895
-6.35064
-6.3323
-6.31393
-6.29554
-6.27712
-6.25867
-6.2402
-6.2217
-6.20318
-6.18463
-6.16606
-6.14746
-6.12883
-6.11018
-6.0915
-6.0728
-6.05407
-6.03532
-6.01655
-5.99775
-5.97892
-5.96007
-5.9412
-5.9223
-5.90338
-5.88444
-5.86547
-5.84648
-5.82746
-5.80843
-5.78937
-5.77028
-5.75118
-5.73205
-5.71289
-5.69372
-5.67453
-5.65531
-5.63607
-5.61681
-5.59752
-5.57822
-5.55889
-5.53955
-5.52018
-5.50079
-5.48138
-5.46195
-5.4425
-5.42303
-5.40354
-5.38403
-5.3645
-5.34495
-5.32538
-5.30579
-5.28618
-5.26655
-5.2469
-5.22724
-5.20756
-5.18785
-5.16813
-5.14839
-5.12864
-5.10886
-5.08907
-5.06926
-5.04943
-5.02959
-5.00972
-4.98985
-4.96995
-4.95004
-4.93011
-4.91016
-4.8902
-4.87023
-4.85023
-4.83022
-4.8102
-4.79016
-4.7701
-4.75003
-4.72995
-4.70985
-4.68973
-4.6696
-4.64946
-4.6293
-4.60913
-4.58895
-4.56875
-4.54853
-4.52831
-4.50807
-4.48782
-4.46755
-4.44727
-4.42698
-4.40668
-4.38636
-4.36604
-4.3457
-4.32535
-4.30498
-4.28461
-4.26422
-4.24383
-4.22342
-4.203
-4.18257
-4.16213
-4.14168
-4.12122
-4.10075
-4.08027
-4.05978
-4.03928
-4.01877
-3.99825
-3.97772
-3.95719
-3.93664
-3.91609
-3.89553
-3.87495
-3.85438
-3.83379
-3.81319
-3.79259
-3.77198
-3.75136
-3.73074
-3.71011
-3.68947
-3.66882
-3.64817
-3.62751
-3.60684
-3.58617
-3.5655
-3.54481
-3.52412
-3.50343
-3.48273
-3.46202
-3.44131
-3.4206
-3.39988
-3.37915
-3.35843
-3.33769
-3.31695
-3.29621
-3.27547
-3.25472
-3.23397
-3.21321
-3.19245
-3.17169
-3.15092
-3.13015
-3.10938
-3.08861
-3.06783
-3.04705
-3.02627
-3.00549
-2.98471
-2.96392
-2.94313
-2.92235
-2.90156
-2.88076
-2.85997
-2.83918
-2.81839
-2.79759
-2.7768
-2.756
-2.73521
-2.71441
-2.69362
-2.67282
-2.65203
-2.63124
-2.61044
-2.58965
-2.56886
-2.54807
-2.52728
-2.5065
-2.48571
-2.46493
-2.44414
-2.42336
-2.40259
-2.38181
-2.36104
-2.34027
-2.3195
-2.29873
-2.27797
-2.25721
-2.23645
-2.2157
-2.19495
-2.1742
-2.15346
-2.13272
-2.11198
-2.09125
-2.07052
-2.0498
-2.02908
-2.00837
-1.98766
-1.96695
-1.94625
-1.92556
-1.90487
-1.88418
-1.8635
-1.84283
-1.82216
-1.80149
-1.78084
-1.76018
-1.73954
-1.7189
-1.69826
-1.67764
-1.65702
-1.6364
-1.61579
-1.59519
-1.5746
-1.55401
-1.53343
-1.51286
-1.49229
-1.47173
-1.45118
-1.43064
-1.4101
-1.38957
-1.36905
-1.34854
-1.32804
-1.30754
-1.28705
-1.26657
-1.2461
-1.22564
-1.20519
-1.18474
-1.1643
-1.14388
-1.12346
-1.10305
-1.08265
-1.06226
-1.04187
-1.0215
-1.00114
-0.980785
-0.960442
-0.940108
-0.919783
-0.899469
-0.879165
-0.858871
-0.838587
-0.818313
-0.79805
-0.777797
-0.757554
-0.737322
-0.7171
-0.69689
-0.676689
-0.6565
-0.636322
-0.616154
-0.595998
-0.575853
-0.555719
-0.535596
-0.515484
-0.495384
-0.475295
-0.455218
-0.435152
-0.415098
-0.395056
-0.375025
-0.355006
-0.334999
-0.315004
-0.29502
-0.275049
-0.25509
-0.235143
-0.215208
-0.195286
-0.175375
-0.155477
-0.135592
-0.115718
-0.0958577
-0.0760095
-0.0561739
-0.0363509
-0.0165405
0.00325717
0.0230421
0.0428142
0.0625735
0.0823199
0.102053
0.121774
0.141482
0.161176
0.180858
0.200526
0.220181
0.239824
0.259453
0.279068
0.298671
0.31826
0.337836
0.357398
0.376948
0.396483
0.416006
0.435515
0.45501
0.474492
0.49396
0.513415
0.532857
0.552284
0.571698
0.591099
0.610486
0.629859
0.649219
0.668565
0.687897
0.707215
0.72652
0.745811
0.765088
0.784352
0.803602
0.822838
0.84206
0.861269
0.880463
0.899644
0.918811
0.937964
0.957104
0.97623
0.995341
1.01444
1.03352
1.05259
1.07165
1.09069
1.10972
1.12874
1.14774
1.16673
1.1857
1.20466
1.22361
1.24254
1.26146
1.28036
1.29926
1.31813
1.337
1.35585
1.37469
1.39351
1.41232
1.43111
1.4499
1.46867
1.48742
1.50616
1.52489
1.54361
1.56231
1.58099
1.59967
1.61833
1.63698
1.65561
1.67423
1.69284
1.71144
1.73002
1.74859
1.76714
1.78568
1.80421
1.82273
1.84123
1.85972
1.8782
1.89666
1.91511
1.93355
1.95198
1.97039
1.98879
2.00718
2.02555
2.04391
2.06226
2.0806
2.09893
2.11724
2.13554
2.15383
2.1721
2.19037
2.20862
2.22686
2.24508
2.2633
2.2815
2.29969
2.31787
2.33604
2.3542
2.37234
2.39048
2.4086
2.42671
2.44481
2.46289
2.48097
2.49903
2.51709
2.53513
2.55316
2.57118
2.58919
2.60719
2.62518
2.64316
2.66112
2.67908
2.69703
2.71496
2.73289
2.7508
2.76871
2.7866
2.80449
2.82236
2.84023
2.85808
2.87593
2.89376
2.91159
2.92941
2.94722
2.96501
2.9828
3.00058
3.01836
3.03612
3.05387
3.07162
3.08935
3.10708
3.1248
3.14251
3.16021
3.17791
3.19559
3.21327
3.23094
3.24861
3.26626
3.28391
3.30155
3.31918
3.33681
3.35442
3.37204
3.38964
3.40724
3.42483
3.44241
3.45999
3.47756
3.49513
3.51268
3.53024
3.54778
3.56533
3.58286
3.60039
3.61791
3.63543
3.65295
3.67046
3.68796
3.70546
3.72295
3.74044
3.75793
3.77541
3.79289
3.81036
3.82783
3.84529
3.86275
3.88021
3.89767
3.91512
3.93256
3.95001
3.96745
3.98489
4.00233
4.01976
4.0372
4.05463
4.07206
4.08948
4.10691
4.12433
4.14176
4.15918
4.1766
4.19402
4.21144
4.22886
4.24627
4.26369
4.28111
4.29853
4.31595
4.33337
4.35079
4.36821
4.38563
4.40305
4.42048
4.4379
4.45533
4.47276
4.4902
4.50763
4.52507
4.54251
4.55995
4.5774
4.59485
4.6123
4.62976
4.64722
4.66468
4.68215
4.69963
4.71711
4.73459
4.75208
4.76957
4.78707
4.80458
4.82209
4.83961
4.85714
4.87467
4.89221
4.90976
4.92731
4.94487
4.96244
4.98002
4.99761
5.0152
5.03281
5.05042
5.06805
5.08568
5.10333
5.12098
5.13864
5.15632
5.17401
5.19171
5.20942
5.22714
5.24487
5.26262
5.28038
5.29816
5.31594
5.33375
5.35156
5.36939
5.38724
5.4051
5.42297
5.44086
5.45877
5.47669
5.49464
5.51259
5.53057
5.54856
5.56657
5.5846
5.60265
5.62072
5.63881
5.65692
5.67505
5.6932
5.71137
5.72956
5.74778
5.76601
5.78427
5.80256
5.82087
5.8392
5.85755
5.87593
5.89434
5.91277
5.93123
5.94972
5.96823
5.98677
6.00534
6.02394
6.04257
6.06123
6.07992
6.09863
6.11738
6.13617
6.15498
6.17383
6.19271
6.21162
6.23057
6.24956
6.26858
6.28764
6.30673
6.32586
6.34503
6.36424
6.38349
6.40278
6.42211
6.44148
6.46089
6.48035
6.49985
6.51939
6.53898
6.55861
6.57829
6.59802
6.6178
6.63762
6.65749
6.67742
6.69739
6.71742
6.7375
6.75763
6.77782
6.79806
6.81836
6.83872
6.85913
6.87961
6.90014
6.92073
6.94139
6.96211
6.98289
7.00374
7.02465
7.04563
7.06668
7.08779
7.10898
7.13024
7.15157
7.17297
7.19445
7.21601
7.23764
7.25935
7.28114
7.30301
7.32497
7.347
7.36913
7.39134
7.41363
7.43602
7.4585
7.48107
7.50373
7.52649
7.54935
7.5723
7.59535
7.61851
7.64177
7.66514
7.68861
7.71219
7.73588
7.75969
7.7836
7.80764
7.83179
7.85607
7.88046
7.90498
7.92963
7.95441
7.97931
8.00435
8.02953
8.05484
8.0803
8.1059
8.13164
8.15753
8.18357
8.20977
8.23612
8.26262
8.2893
8.31613
8.34313
8.37031
8.39765
8.42518
8.45288
8.48077
8.50884
8.5371
8.56556
8.59421
8.62307
8.65213
8.6814
8.71088
8.74058
8.77049
8.80064
8.83101
8.86162
8.89246
8.92355
8.95489
8.98647
9.01832
9.05043
9.0828
9.11545
9.14838
9.18159
9.2151
9.2489
9.283
9.31741
9.35213
9.38718
9.42255
9.45826
9.49432
9.53072
9.56748
9.6046
9.6421
9.67997
9.71824
9.7569
9.79597
9.83546
9.87537
9.91571
9.9565
9.99775
10.0395
10.0816
10.1243
10.1675
10.2111
10.2553
10.3001
10.3454
10.3912
10.4376
10.4846
10.5322
10.5804
10.6293
10.6788
10.7289
10.7798
10.8313
10.8835
10.9365
10.9903
11.0448
11.1001
11.1562
11.2132
11.271
11.3297
11.3893
11.4498
11.5113
11.5738
11.6373
11.7018
11.7674
11.8341
11.902
11.971
12.0412
12.1126
12.1853
12.2593
12.3347
12.4115
12.4897
12.5694
12.6506
12.7334
12.8179
12.904
12.9919
13.0815
13.173
13.2664
13.3618
13.4593
13.5589
13.6607
13.7647
13.8711
13.9799
14.0913
14.2053
14.322
14.4415
14.5639
14.6894
14.8181
14.95
15.0853
15.2241
15.3667
15.513
15.6634
15.8179
15.9768
16.1401
16.3082
16.4811
16.6592
16.8427
17.0317
17.2266
17.4276
17.635
17.8491
18.0702
18.2987
18.5348
18.7791
19.0318
19.2935
19.5645
19.8453
20.1366
20.4387
20.7523
21.0779
21.4164
21.7683
22.1343
22.5154
22.9123
23.326
23.7573
24.2074
24.6773
25.1683
25.6814
26.2182
26.78
27.3683
27.9848
28.6311
29.3091
30.0207
30.768
31.5531
32.3783
33.246
34.1587
35.119
36.1296
37.1933
38.3129
39.4912
40.7311
42.0353
43.4064
44.8468
46.3585
47.9432
49.602
51.3353
53.1423
55.0214
56.9697
58.9827
61.0541
63.1758
65.3378
67.5281
69.7325
71.9355
74.1196
76.2667
78.3581
80.3754
82.301
84.1192
85.8164
87.3817
88.8077
90.0898
91.227
92.2213
93.0771
93.8011
94.4014
94.8875
95.269
95.5559
95.7578
95.8841
95.9432
95.943
95.8903
95.7913
95.6514
95.4754
95.2672
95.0305
94.768
94.4825
94.1762
93.851
93.5086
93.1503
92.7776
92.3915
91.9931
91.5831
91.1625
90.732
90.2923
89.8439
89.3875
88.9236
88.4527
87.9752
87.4916
87.0024
86.5078
86.0083
85.5042
84.9959
84.4837
83.9679
83.4487
82.9265
82.4015
81.8739
81.3441
80.8122
80.2785
79.7431
79.2063
78.6682
78.1291
77.5891
77.0484
76.5071
75.9654
75.4234
74.8813
74.3392
73.7972
73.2554
72.714
72.173
71.6326
71.0928
70.5537
70.0155
69.4781
68.9417
68.4064
67.8721
67.339
66.8072
66.2766
65.7473
65.2194
64.6929
64.1678
63.6442
63.1222
62.6017
62.0828
61.5654
61.0497
60.5357
60.0233
59.5126
59.0035
58.4962
57.9906
57.4866
56.9845
56.484
55.9853
55.4882
54.9929
54.4994
54.0075
53.5174
53.0289
52.5422
52.0571
51.5737
51.0919
50.6118
50.1333
49.6564
49.1811
48.7073
48.2351
47.7644
47.2952
46.8274
46.3611
45.8962
45.4326
44.9704
44.5094
44.0498
43.5913
43.134
42.6778
42.2227
41.7686
41.3155
40.8633
40.412
39.9615
39.5117
39.0626
38.614
38.166
37.7185
37.2713
36.8243
36.3776
35.931
35.4844
35.0377
34.5908
34.1436
33.6959
33.2477
32.7989
32.3493
31.8988
31.4472
30.9944
30.5403
30.0847
29.6275
29.1685
28.7075
28.2444
27.779
27.3111
26.8405
26.3672
25.8908
25.4112
24.9282
24.4416
23.9512
23.4568
22.9583
22.4553
21.9479
21.4356
20.9184
20.3962
19.8686
19.3356
18.797
18.2527
17.7026
17.1465
16.5844
16.0163
15.442
14.8617
14.2754
13.6831
13.085
12.4813
11.8722
11.2579
10.6389
10.0155
9.38827
8.75768
8.12441
7.48914
6.85267
6.21585
5.57963
4.94502
4.31309
3.685
3.06193
2.44515
1.83591
1.23554
0.64532
0.0665593
-0.499477
-1.05157
-1.58855
-2.10935
-2.61298
-3.09856
-3.56535
-4.01273
-4.44022
-4.84749
-5.23434
-5.60073
-5.94674
-6.27261
-6.57865
-6.86533
-7.13318
-7.38282
-7.61494
-7.83028
-8.02962
-8.21376
-8.38353
-8.53975
-8.68324
-8.81481
-8.93524
-9.0453
-9.14571
-9.23719
-9.32038
-9.39593
-9.46443
-9.52643
-9.58245
-9.63297
-9.67845
-9.71931
-9.75592
-9.78865
-9.81782
-9.84374
-9.86668
-9.8869
-9.90462
-9.92007
-9.93343
-9.94489
-9.95461
-9.96274
-9.96941
-9.97475
-9.97887
-9.98187
-9.98385
-9.98489
-9.98508
-9.98447
-9.98315
-9.98116
-9.97856
-9.97539
-9.97172
-9.96756
-9.96297
-9.95798
-9.95261
-9.9469
-9.94087
-9.93455
-9.92795
-9.9211
-9.91401
-9.9067
-9.89919
-9.89149
-9.88361
-9.87556
-9.86736
-9.85901
-9.85052
-9.8419
-9.83316
-9.82431
-9.81535
-9.80628
-9.79712
-9.78786
-9.77852
-9.76909
-9.75958
-9.74999
-9.74032
-9.73059
-9.72079
-9.71092
-9.70098
-9.69099
-9.68093
-9.67082
-9.66064
-9.65042
-9.64014
-9.6298
-9.61942
-9.60898
-9.5985
-9.58797
-9.57739
-9.56676
-9.55609
-9.54537
-9.5346
-9.5238
-9.51295
-9.50205
-9.49111
-9.48013
-9.46911
-9.45805
-9.44694
-9.4358
-9.42461
-9.41338
-9.40211
-9.39081
-9.37946
-9.36807
-9.35665
-9.34518
-9.33367
-9.32213
-9.31055
-9.29893
-9.28726
-9.27557
-9.26383
-9.25205
-9.24024
-9.22839
-9.21649
-9.20457
-9.1926
-9.18059
-9.16855
-9.15647
-9.14435
-9.1322
-9.12
-9.10777
-9.0955
-9.08319
-9.07085
-9.05846
-9.04604
-9.03359
-9.02109
-9.00856
-8.99599
-8.98338
-8.97074
-8.95805
-8.94533
-8.93258
-8.91978
-8.90695
-8.89408
-8.88117
-8.86823
-8.85525
-8.84223
-8.82917
-8.81608
-8.80295
-8.78978
-8.77657
-8.76333
-8.75005
-8.73673
-8.72338
-8.70999
-8.69656
-8.6831
-8.66959
-8.65605
-8.64248
-8.62886
-8.61521
-8.60153
-8.5878
-8.57404
-8.56024
-8.54641
-8.53254
-8.51863
-8.50468
-8.4907
-8.47668
-8.46262
-8.44853
-8.4344
-8.42023
-8.40603
-8.39179
-8.37752
-8.3632
-8.34885
-8.33447
-8.32005
-8.30559
-8.29109
-8.27656
-8.262
-8.24739
-8.23275
-8.21808
-8.20336
-8.18861
-8.17383
-8.15901
-8.14415
-8.12926
-8.11433
-8.09937
-8.08437
-8.06933
-8.05426
-8.03915
-8.02401
-8.00883
-7.99362
-7.97837
-7.96309
-7.94777
-7.93241
-7.91702
-7.90159
-7.88613
-7.87064
-7.8551
-7.83954
-7.82394
-7.8083
-7.79263
-7.77693
-7.76118
-7.74541
-7.7296
-7.71376
-7.69788
-7.68197
-7.66602
-7.65004
-7.63402
-7.61797
-7.60189
-7.58577
-7.56962
-7.55344
-7.53722
-7.52097
-7.50468
-7.48836
-7.47201
-7.45562
-7.4392
-7.42275
-7.40626
-7.38974
-7.37319
-7.35661
-7.33999
-7.32334
-7.30666
-7.28994
-7.27319
-7.25641
-7.2396
-7.22276
-7.20588
-7.18897
-7.17203
-7.15506
-7.13805
-7.12102
-7.10395
-7.08685
-7.06972
-7.05256
-7.03537
-7.01814
-7.00089
-6.9836
-6.96629
-6.94894
-6.93156
-6.91415
-6.89672
-6.87925
-6.86175
-6.84422
-6.82666
-6.80907
-6.79145
-6.7738
-6.75613
-6.73842
-6.72068
-6.70292
-6.68512
-6.6673
-6.64945
-6.63156
-6.61365
-6.59572
-6.57775
-6.55975
-6.54173
-6.52368
-6.5056
-6.48749
-6.46936
-6.45119
-6.433
-6.41479
-6.39654
-6.37827
-6.35997
-6.34164
-6.32329
-6.30491
-6.28651
-6.26807
-6.24962
-6.23113
-6.21262
-6.19408
-6.17552
-6.15694
-6.13832
-6.11968
-6.10102
-6.08233
-6.06362
-6.04488
-6.02612
-6.00733
-5.98852
-5.96968
-5.95082
-5.93193
-5.91302
-5.89409
-5.87514
-5.85616
-5.83715
-5.81813
-5.79908
-5.78001
-5.76091
-5.74179
-5.72265
-5.70349
-5.68431
-5.6651
-5.64587
-5.62662
-5.60735
-5.58806
-5.56874
-5.54941
-5.53005
-5.51067
-5.49127
-5.47185
-5.45241
-5.43295
-5.41347
-5.39397
-5.37445
-5.35491
-5.33535
-5.31577
-5.29617
-5.27655
-5.25692
-5.23726
-5.21759
-5.19789
-5.17818
-5.15845
-5.13871
-5.11894
-5.09916
-5.07936
-5.05954
-5.0397
-5.01985
-4.99998
-4.98009
-4.96019
-4.94027
-4.92033
-4.90038
-4.88041
-4.86042
-4.84042
-4.8204
-4.80037
-4.78033
-4.76026
-4.74019
-4.72009
-4.69999
-4.67986
-4.65973
-4.63958
-4.61941
-4.59923
-4.57904
-4.55884
-4.53862
-4.51838
-4.49814
-4.47788
-4.45761
-4.43733
-4.41703
-4.39672
-4.3764
-4.35607
-4.33572
-4.31536
-4.29499
-4.27461
-4.25422
-4.23382
-4.21341
-4.19298
-4.17255
-4.15211
-4.13165
-4.11118
-4.09071
-4.07022
-4.04973
-4.02922
-4.00871
-3.98819
-3.96766
-3.94712
-3.92657
-3.90601
-3.88544
-3.86487
-3.84428
-3.82369
-3.80309
-3.78249
-3.76187
-3.74125
-3.72062
-3.69999
-3.67935
-3.6587
-3.63804
-3.61738
-3.59671
-3.57604
-3.55536
-3.53467
-3.51398
-3.49328
-3.47258
-3.45187
-3.43116
-3.41044
-3.38972
-3.36899
-3.34826
-3.32753
-3.30679
-3.28605
-3.2653
-3.24455
-3.22379
-3.20304
-3.18227
-3.16151
-3.14074
-3.11997
-3.0992
-3.07843
-3.05765
-3.03687
-3.01609
-2.99531
-2.97452
-2.95373
-2.93295
-2.91216
-2.89137
-2.87058
-2.84978
-2.82899
-2.8082
-2.7874
-2.76661
-2.74581
-2.72502
-2.70422
-2.68343
-2.66263
-2.64184
-2.62105
-2.60026
-2.57946
-2.55867
-2.53789
-2.5171
-2.49631
-2.47553
-2.45474
-2.43396
-2.41319
-2.39241
-2.37163
-2.35086
-2.33009
-2.30933
-2.28856
-2.2678
-2.24704
-2.22629
-2.20553
-2.18479
-2.16404
-2.1433
-2.12256
-2.10183
-2.0811
-2.06037
-2.03965
-2.01894
-1.99822
-1.97752
-1.95681
-1.93612
-1.91542
-1.89474
-1.87405
-1.85338
-1.8327
-1.81204
-1.79138
-1.77072
-1.75007
-1.72943
-1.70879
-1.68816
-1.66754
-1.64692
-1.62631
-1.60571
-1.58511
-1.56452
-1.54393
-1.52336
-1.50279
-1.48223
-1.46167
-1.44112
-1.42058
-1.40005
-1.37953
-1.35901
-1.3385
-1.318
-1.29751
-1.27703
-1.25655
-1.23609
-1.21563
-1.19518
-1.17474
-1.15431
-1.13388
-1.11347
-1.09306
-1.07267
-1.05228
-1.0319
-1.01154
-0.991179
-0.970831
-0.950492
-0.930163
-0.909844
-0.889535
-0.869236
-0.848947
-0.828668
-0.8084
-0.788141
-0.767894
-0.747657
-0.72743
-0.707214
-0.687009
-0.666814
-0.64663
-0.626458
-0.606296
-0.586145
-0.566006
-0.545877
-0.52576
-0.505655
-0.48556
-0.465477
-0.445406
-0.425346
-0.405298
-0.385262
-0.365237
-0.345224
-0.325223
-0.305234
-0.285257
-0.265292
-0.245339
-0.225398
-0.20547
-0.185553
-0.165649
-0.145758
-0.125879
-0.106012
-0.0861575
-0.0663158
-0.0464866
-0.0266701
-0.00686632
0.0129248
0.0327031
0.0524686
0.0722213
0.0919611
0.111688
0.131402
0.151103
0.170791
0.190465
0.210127
0.229775
0.249411
0.269033
0.288642
0.308237
0.32782
0.347389
0.366944
0.386487
0.406015
0.425531
0.445033
0.464521
0.483996
0.503458
0.522905
0.54234
0.56176
0.581167
0.600561
0.619941
0.639307
0.658659
0.677998
0.697323
0.716635
0.735932
0.755216
0.774486
0.793743
0.812985
0.832214
0.851429
0.870631
0.889818
0.908992
0.928152
0.947298
0.96643
0.985548
1.00465
1.02374
1.04282
1.06188
1.08093
1.09997
1.11899
1.138
1.15699
1.17597
1.19494
1.21389
1.23283
1.25176
1.27067
1.28957
1.30845
1.32732
1.34618
1.36502
1.38385
1.40267
1.42147
1.44026
1.45904
1.4778
1.49654
1.51528
1.534
1.55271
1.5714
1.59008
1.60875
1.6274
1.64605
1.66467
1.68329
1.70189
1.72048
1.73905
1.75761
1.77616
1.79469
1.81322
1.83172
1.85022
1.8687
1.88717
1.90563
1.92408
1.94251
1.96093
1.97933
1.99772
2.01611
2.03447
2.05283
2.07117
2.0895
2.10782
2.12613
2.14442
2.1627
2.18097
2.19923
2.21747
2.23571
2.25393
2.27213
2.29033
2.30852
2.32669
2.34485
2.363
2.38114
2.39927
2.41738
2.43549
2.45358
2.47166
2.48973
2.50779
2.52583
2.54387
2.5619
2.57991
2.59791
2.61591
2.63389
2.65186
2.66982
2.68777
2.70571
2.72364
2.74156
2.75947
2.77737
2.79526
2.81314
2.83101
2.84887
2.86672
2.88456
2.90239
2.92021
2.93802
2.95582
2.97362
2.9914
3.00918
3.02694
3.0447
3.06245
3.08019
3.09792
3.11564
3.13336
3.15106
3.16876
3.18645
3.20413
3.2218
3.23947
3.25713
3.27478
3.29242
3.31006
3.32768
3.34531
3.36292
3.38053
3.39813
3.41572
3.43331
3.45089
3.46846
3.48603
3.50359
3.52114
3.53869
3.55623
3.57377
3.5913
3.60883
3.62635
3.64386
3.66137
3.67888
3.69638
3.71387
3.73137
3.74885
3.76633
3.78381
3.80128
3.81875
3.83622
3.85368
3.87114
3.8886
3.90605
3.9235
3.94094
3.95838
3.97582
3.99326
4.0107
4.02813
4.04556
4.06299
4.08041
4.09784
4.11526
4.13268
4.1501
4.16752
4.18494
4.20236
4.21978
4.2372
4.25461
4.27203
4.28945
4.30686
4.32428
4.3417
4.35912
4.37654
4.39396
4.41138
4.42881
4.44623
4.46366
4.48109
4.49852
4.51596
4.53339
4.55083
4.56828
4.58572
4.60317
4.62063
4.63808
4.65554
4.67301
4.69048
4.70795
4.72543
4.74292
4.76041
4.7779
4.79541
4.81291
4.83043
4.84795
4.86548
4.88301
4.90055
4.9181
4.93566
4.95322
4.97079
4.98837
5.00596
5.02356
5.04117
5.05878
5.07641
5.09405
5.1117
5.12935
5.14702
5.1647
5.18239
5.20009
5.21781
5.23553
5.25327
5.27102
5.28879
5.30657
5.32436
5.34217
5.35999
5.37782
5.39567
5.41354
5.43142
5.44931
5.46723
5.48516
5.5031
5.52107
5.53905
5.55705
5.57507
5.5931
5.61116
5.62924
5.64733
5.66545
5.68358
5.70174
5.71992
5.73812
5.75634
5.77459
5.79286
5.81115
5.82947
5.84781
5.86617
5.88456
5.90298
5.92142
5.93989
5.95839
5.97691
5.99546
6.01404
6.03265
6.05129
6.06996
6.08866
6.10739
6.12615
6.14495
6.16378
6.18264
6.20153
6.22046
6.23942
6.25842
6.27745
6.29653
6.31563
6.33478
6.35397
6.37319
6.39245
6.41176
6.4311
6.45049
6.46992
6.48939
6.50891
6.52847
6.54808
6.56773
6.58743
6.60718
6.62697
6.64682
6.66671
6.68665
6.70665
6.7267
6.7468
6.76695
6.78716
6.80743
6.82775
6.84813
6.86857
6.88906
6.90962
6.93024
6.95092
6.97167
6.99247
7.01335
7.03429
7.05529
7.07637
7.09751
7.11873
7.14002
7.16138
7.18281
7.20432
7.22591
7.24757
7.26932
7.29114
7.31304
7.33503
7.35711
7.37926
7.40151
7.42384
7.44627
7.46878
7.49139
7.51409
7.53689
7.55979
7.58278
7.60588
7.62908
7.65238
7.67579
7.69931
7.72293
7.74667
7.77052
7.79449
7.81857
7.84278
7.8671
7.89155
7.91612
7.94082
7.96565
7.99061
8.01571
8.04094
8.06631
8.09183
8.11749
8.14329
8.16924
8.19535
8.22161
8.24802
8.2746
8.30134
8.32824
8.35531
8.38256
8.40998
8.43758
8.46536
8.49332
8.52147
8.54982
8.57836
8.60709
8.63604
8.66518
8.69454
8.72411
8.7539
8.78391
8.81415
8.84462
8.87533
8.90627
8.93746
8.9689
9.0006
9.03256
9.06478
9.09727
9.13003
9.16308
9.19641
9.23004
9.26397
9.2982
9.33274
9.3676
9.40278
9.4383
9.47415
9.51035
9.5469
9.58381
9.62109
9.65875
9.69679
9.73522
9.77405
9.8133
9.85296
9.89305
9.93358
9.97456
10.016
10.0579
10.1003
10.1432
10.1866
10.2304
10.2749
10.3198
10.3653
10.4114
10.4581
10.5053
10.5532
10.6017
10.6508
10.7006
10.751
10.8021
10.854
10.9065
10.9598
11.0139
11.0687
11.1244
11.1809
11.2382
11.2964
11.3554
11.4154
11.4764
11.5383
11.6012
11.6651
11.7301
11.7962
11.8633
11.9317
12.0012
12.0719
12.1439
12.2171
12.2917
12.3677
12.4451
12.5239
12.6043
12.6862
12.7697
12.8548
12.9416
13.0303
13.1207
13.213
13.3073
13.4035
13.5019
13.6024
13.7051
13.8101
13.9176
14.0275
14.1399
14.255
14.3729
14.4937
14.6174
14.7442
14.8742
15.0075
15.1443
15.2847
15.4289
15.5769
15.729
15.8854
16.0461
16.2114
16.3815
16.5567
16.737
16.9228
17.1143
17.3117
17.5154
17.7256
17.9426
18.1668
18.3985
18.6381
18.8859
19.1423
19.4079
19.683
19.9682
20.264
20.5709
20.8895
21.2205
21.5646
21.9224
22.2948
22.6824
23.0863
23.5074
23.9465
24.4049
24.8836
25.3838
25.9068
26.454
27.0269
27.6269
28.2558
28.9154
29.6074
30.3338
31.0969
31.8987
32.7416
33.6281
34.5607
35.542
36.5747
37.6618
38.8059
40.0099
41.2767
42.6089
44.0091
45.4795
47.0219
48.6379
50.3282
52.0928
53.9306
55.8394
57.8156
59.8541
61.9478
64.0878
66.2633
68.4612
70.6669
72.8638
75.0344
77.16
79.222
81.2024
83.0842
84.8524
86.4947
88.0016
89.3669
90.5875
91.6637
92.5985
93.3975
94.068
94.6188
95.0593
95.3995
95.6493
95.8181
95.9149
95.948
95.9247
95.8517
95.7348
95.5791
95.389
95.1683
94.9203
94.6478
94.3532
94.0387
93.706
93.3566
92.9921
92.6136
92.2221
91.8187
91.4041
90.9792
90.5447
90.1012
89.6494
89.1897
88.7228
88.249
87.7689
87.2828
86.7912
86.2945
85.793
85.2871
84.7771
84.2633
83.746
83.2255
82.7021
82.1759
81.6474
81.1167
80.5839
80.0495
79.5135
78.9761
78.4376
77.898
77.3577
76.8167
76.2752
75.7334
75.1913
74.6492
74.1071
73.5651
73.0235
72.4823
71.9415
71.4013
70.8618
70.3231
69.7852
69.2483
68.7123
68.1774
67.6436
67.111
66.5797
66.0496
65.5209
64.9936
64.4677
63.9433
63.4204
62.899
62.3791
61.8609
61.3442
60.8292
60.3159
59.8042
59.2942
58.7858
58.2792
57.7743
57.2711
56.7697
56.27
55.7719
55.2757
54.7811
54.2883
53.7971
53.3077
52.82
52.3339
51.8496
51.3669
50.8858
50.4064
49.9286
49.4523
48.9777
48.5046
48.033
47.5629
47.0944
46.6272
46.1615
45.6971
45.2341
44.7725
44.3121
43.8529
43.3949
42.9381
42.4824
42.0277
41.5741
41.1214
40.6695
40.2186
39.7684
39.3189
38.87
38.4217
37.9739
37.5265
37.0794
36.6326
36.1859
35.7393
35.2927
34.8459
34.3989
33.9515
33.5036
33.0552
32.606
32.156
31.7051
31.253
30.7997
30.3449
29.8887
29.4307
28.9708
28.509
28.0449
27.5784
27.1094
26.6377
26.1631
25.6853
25.2043
24.7198
24.2316
23.7395
23.2433
22.7429
22.2381
21.7286
21.2143
20.6949
20.1704
19.6405
19.1051
18.5641
18.0173
17.4647
16.906
16.3413
15.7706
15.1938
14.6109
14.022
13.4272
12.8267
12.2206
11.6092
10.9929
10.3719
9.74684
9.11809
8.48628
7.85207
7.21619
6.57947
5.9428
5.30715
4.67356
4.04314
3.41706
2.79655
2.18285
1.57726
0.981093
0.395641
-0.177806
-0.737999
-1.28374
-1.8139
-2.32744
-2.82342
-3.30103
-3.75955
-4.19845
-4.61729
-5.01581
-5.39388
-5.75151
-6.08884
-6.40616
-6.70383
-6.98236
-7.24232
-7.48436
-7.70919
-7.91757
-8.11029
-8.28817
-8.45203
-8.60269
-8.74097
-8.86767
-8.98356
-9.0894
-9.1859
-9.27375
-9.35359
-9.42605
-9.49169
-9.55107
-9.60467
-9.65299
-9.69644
-9.73543
-9.77034
-9.8015
-9.82925
-9.85385
-9.8756
-9.89472
-9.91144
-9.92597
-9.9385
-9.9492
-9.95822
-9.96571
-9.97179
-9.9766
-9.98022
-9.98278
-9.98435
-9.98501
-9.98485
-9.98393
-9.98231
-9.98005
-9.97721
-9.97382
-9.96993
-9.96559
-9.96082
-9.95566
-9.95015
-9.9443
-9.93814
-9.93169
-9.92498
-9.91803
-9.91084
-9.90345
-9.89585
-9.88807
-9.88012
-9.872
-9.86374
-9.85533
-9.84678
-9.83811
-9.82932
-9.82042
-9.81142
-9.80231
-9.7931
-9.78381
-9.77443
-9.76496
-9.75542
-9.74579
-9.7361
-9.72634
-9.7165
-9.70661
-9.69664
-9.68662
-9.67654
-9.6664
-9.65621
-9.64596
-9.63565
-9.6253
-9.61489
-9.60443
-9.59393
-9.58338
-9.57278
-9.56213
-9.55144
-9.5407
-9.52991
-9.51909
-9.50822
-9.4973
-9.48635
-9.47535
-9.46431
-9.45323
-9.4421
-9.43094
-9.41974
-9.40849
-9.39721
-9.38588
-9.37452
-9.36311
-9.35167
-9.34019
-9.32866
-9.3171
-9.3055
-9.29386
-9.28219
-9.27047
-9.25872
-9.24692
-9.23509
-9.22322
-9.21132
-9.19937
-9.18739
-9.17537
-9.16331
-9.15121
-9.13908
-9.1269
-9.11469
-9.10244
-9.09016
-9.07783
-9.06547
-9.05307
-9.04064
-9.02816
-9.01565
-9.0031
-8.99052
-8.97789
-8.96523
-8.95253
-8.9398
-8.92702
-8.91421
-8.90136
-8.88848
-8.87555
-8.86259
-8.84959
-8.83656
-8.82349
-8.81038
-8.79723
-8.78405
-8.77083
-8.75757
-8.74427
-8.73094
-8.71757
-8.70416
-8.69072
-8.67724
-8.66372
-8.65016
-8.63657
-8.62294
-8.60927
-8.59557
-8.58183
-8.56805
-8.55424
-8.54039
-8.5265
-8.51257
-8.49861
-8.48461
-8.47058
-8.45651
-8.4424
-8.42825
-8.41407
-8.39985
-8.38559
-8.3713
-8.35697
-8.34261
-8.32821
-8.31377
-8.2993
-8.28479
-8.27024
-8.25566
-8.24104
-8.22638
-8.21169
-8.19696
-8.1822
-8.1674
-8.15256
-8.13769
-8.12278
-8.10784
-8.09286
-8.07784
-8.06279
-8.0477
-8.03258
-8.01742
-8.00223
-7.987
-7.97173
-7.95643
-7.9411
-7.92573
-7.91032
-7.89488
-7.8794
-7.86389
-7.84835
-7.83277
-7.81715
-7.8015
-7.78581
-7.77009
-7.75434
-7.73855
-7.72272
-7.70686
-7.69097
-7.67504
-7.65908
-7.64309
-7.62706
-7.61099
-7.59489
-7.57876
-7.56259
-7.5464
-7.53016
-7.51389
-7.49759
-7.48126
-7.46489
-7.44849
-7.43206
-7.41559
-7.39909
-7.38256
-7.36599
-7.34939
-7.33276
-7.3161
-7.2994
-7.28267
-7.26591
-7.24911
-7.23229
-7.21543
-7.19854
-7.18162
-7.16466
-7.14768
-7.13066
-7.11361
-7.09653
-7.07941
-7.06227
-7.0451
-7.02789
-7.01065
-6.99338
-6.97608
-6.95876
-6.94139
-6.924
-6.90658
-6.88913
-6.87165
-6.85414
-6.83659
-6.81902
-6.80142
-6.78379
-6.76613
-6.74844
-6.73072
-6.71297
-6.69519
-6.67738
-6.65955
-6.64168
-6.62379
-6.60587
-6.58791
-6.56993
-6.55193
-6.53389
-6.51583
-6.49774
-6.47962
-6.46147
-6.44329
-6.42509
-6.40686
-6.38861
-6.37032
-6.35201
-6.33367
-6.31531
-6.29692
-6.2785
-6.26006
-6.24159
-6.22309
-6.20457
-6.18602
-6.16745
-6.14885
-6.13023
-6.11158
-6.0929
-6.0742
-6.05548
-6.03673
-6.01796
-5.99916
-5.98034
-5.96149
-5.94262
-5.92372
-5.9048
-5.88586
-5.86689
-5.84791
-5.82889
-5.80986
-5.7908
-5.77172
-5.75261
-5.73348
-5.71433
-5.69516
-5.67597
-5.65675
-5.63751
-5.61825
-5.59897
-5.57967
-5.56035
-5.541
-5.52163
-5.50225
-5.48284
-5.46341
-5.44396
-5.42449
-5.405
-5.38549
-5.36596
-5.34642
-5.32685
-5.30726
-5.28765
-5.26803
-5.24838
-5.22872
-5.20904
-5.18933
-5.16961
-5.14988
-5.13012
-5.11035
-5.09056
-5.07075
-5.05092
-5.03108
-5.01122
-4.99134
-4.97145
-4.95154
-4.93161
-4.91166
-4.8917
-4.87173
-4.85174
-4.83173
-4.81171
-4.79167
-4.77161
-4.75154
-4.73146
-4.71136
-4.69125
-4.67112
-4.65098
-4.63082
-4.61065
-4.59047
-4.57027
-4.55006
-4.52983
-4.50959
-4.48934
-4.46908
-4.4488
-4.42851
-4.40821
-4.38789
-4.36757
-4.34723
-4.32688
-4.30652
-4.28614
-4.26576
-4.24536
-4.22496
-4.20454
-4.18411
-4.16367
-4.14322
-4.12276
-4.10229
-4.08181
-4.06132
-4.04082
-4.02032
-3.9998
-3.97927
-3.95873
-3.93819
-3.91764
-3.89707
-3.8765
-3.85593
-3.83534
-3.81475
-3.79414
-3.77353
-3.75292
-3.73229
-3.71166
-3.69102
-3.67038
-3.64973
-3.62907
-3.6084
-3.58773
-3.56706
-3.54637
-3.52568
-3.50499
-3.48429
-3.46359
-3.44288
-3.42216
-3.40144
-3.38072
-3.35999
-3.33926
-3.31852
-3.29778
-3.27703
-3.25629
-3.23553
-3.21478
-3.19402
-3.17326
-3.15249
-3.13172
-3.11095
-3.09018
-3.0694
-3.04862
-3.02784
-3.00706
-2.98628
-2.96549
-2.94471
-2.92392
-2.90313
-2.88234
-2.86154
-2.84075
-2.81996
-2.79916
-2.77837
-2.75757
-2.73678
-2.71599
-2.69519
-2.6744
-2.6536
-2.63281
-2.61202
-2.59123
-2.57043
-2.54964
-2.52886
-2.50807
-2.48728
-2.4665
-2.44572
-2.42494
-2.40416
-2.38338
-2.36261
-2.34184
-2.32107
-2.30031
-2.27954
-2.25878
-2.23803
-2.21727
-2.19652
-2.17578
-2.15503
-2.13429
-2.11356
-2.09283
-2.0721
-2.05137
-2.03065
-2.00994
-1.98923
-1.96852
-1.94782
-1.92713
-1.90644
-1.88575
-1.86507
-1.8444
-1.82373
-1.80306
-1.78241
-1.76175
-1.74111
-1.72047
-1.69983
-1.67921
-1.65858
-1.63797
-1.61736
-1.59676
-1.57617
-1.55558
-1.535
-1.51442
-1.49386
-1.4733
-1.45275
-1.4322
-1.41167
-1.39114
-1.37062
-1.3501
-1.3296
-1.3091
-1.28861
-1.26813
-1.24766
-1.2272
-1.20675
-1.1863
-1.16586
-1.14543
-1.12502
-1.10461
-1.0842
-1.06381
-1.04343
-1.02306
-1.00269
-0.98234
-0.961996
-0.941662
-0.921337
-0.901022
-0.880718
-0.860423
-0.840139
-0.819864
-0.7996
-0.779347
-0.759104
-0.738871
-0.718649
-0.698438
-0.678237
-0.658047
-0.637868
-0.6177
-0.597543
-0.577398
-0.557263
-0.53714
-0.517027
-0.496927
-0.476837
-0.456759
-0.436693
-0.416638
-0.396595
-0.376564
-0.356545
-0.336537
-0.316541
-0.296557
-0.276585
-0.256626
-0.236678
-0.216743
-0.196819
-0.176908
-0.15701
-0.137124
-0.11725
-0.0973884
-0.0775396
-0.0577034
-0.0378797
-0.0180688
0.00172952
0.021515
0.0412878
0.0610477
0.0807948
0.100529
0.12025
0.139958
0.159654
0.179336
0.199005
0.218661
0.238303
0.257933
0.277549
0.297152
0.316742
0.336319
0.355882
0.375432
0.394968
0.414491
0.434001
0.453497
0.472979
0.492448
0.511904
0.531346
0.550774
0.570189
0.58959
0.608977
0.628351
0.647712
0.667058
0.686391
0.70571
0.725015
0.744307
0.763585
0.782849
0.802099
0.821336
0.840559
0.859768
0.878963
0.898145
0.917312
0.936466
0.955606
0.974732
0.993845
1.01294
1.03203
1.0511
1.07016
1.0892
1.10823
1.12725
1.14625
1.16524
1.18421
1.20317
1.22212
1.24105
1.25997
1.27888
1.29777
1.31665
1.33551
1.35436
1.3732
1.39202
1.41083
1.42963
1.44841
1.46718
1.48594
1.50468
1.52341
1.54212
1.56083
1.57951
1.59819
1.61685
1.6355
1.65413
1.67275
1.69136
1.70996
1.72854
1.74711
1.76566
1.78421
1.80274
1.82125
1.83975
1.85825
1.87672
1.89519
1.91364
1.93208
1.9505
1.96892
1.98732
2.0057
2.02408
2.04244
2.06079
2.07913
2.09746
2.11577
2.13407
2.15236
2.17063
2.1889
2.20715
2.22539
2.24361
2.26183
2.28003
2.29823
2.31641
2.33457
2.35273
2.37087
2.38901
2.40713
2.42524
2.44334
2.46143
2.4795
2.49757
2.51562
2.53366
2.55169
2.56972
2.58773
2.60572
2.62371
2.64169
2.65966
2.67761
2.69556
2.7135
2.73142
2.74934
2.76724
2.78513
2.80302
2.82089
2.83876
2.85661
2.87446
2.8923
2.91012
2.92794
2.94575
2.96355
2.98133
2.99911
3.01689
3.03465
3.0524
3.07015
3.08788
3.10561
3.12333
3.14104
3.15874
3.17643
3.19412
3.2118
3.22947
3.24713
3.26479
3.28243
3.30007
3.3177
3.33533
3.35295
3.37056
3.38816
3.40576
3.42335
3.44093
3.45851
3.47608
3.49364
3.5112
3.52875
3.5463
3.56384
3.58137
3.5989
3.61643
3.63395
3.65146
3.66897
3.68647
3.70397
3.72146
3.73895
3.75643
3.77391
3.79139
3.80886
3.82633
3.84379
3.86125
3.87871
3.89616
3.91361
3.93106
3.94851
3.96595
3.98338
4.00082
4.01825
4.03569
4.05312
4.07054
4.08797
4.10539
4.12282
4.14024
4.15766
4.17508
4.19249
4.20991
4.22733
4.24475
4.26216
4.27958
4.297
4.31441
4.33183
4.34925
4.36667
4.38409
4.40151
4.41893
4.43636
4.45379
4.47121
4.48864
4.50608
4.52351
4.54095
4.55839
4.57584
4.59328
4.61074
4.62819
4.64565
4.66311
4.68058
4.69805
4.71553
4.73301
4.7505
4.76799
4.78549
4.80299
4.8205
4.83802
4.85554
4.87307
4.89061
4.90815
4.9257
4.94326
4.96083
4.97841
4.99599
5.01359
5.03119
5.0488
5.06642
5.08405
5.10169
5.11934
5.137
5.15468
5.17236
5.19006
5.20776
5.22548
5.24322
5.26096
5.27872
5.29649
5.31427
5.33207
5.34988
5.36771
5.38555
5.40341
5.42128
5.43916
5.45707
5.47499
5.49293
5.51088
5.52885
5.54684
5.56485
5.58287
5.60092
5.61898
5.63707
5.65517
5.6733
5.69144
5.70961
5.7278
5.74601
5.76424
5.7825
5.80077
5.81908
5.8374
5.85575
5.87413
5.89253
5.91096
5.92941
5.94789
5.9664
5.98494
6.0035
6.02209
6.04072
6.05937
6.07805
6.09676
6.11551
6.13428
6.15309
6.17193
6.19081
6.20971
6.22866
6.24764
6.26665
6.2857
6.30479
6.32391
6.34308
6.36228
6.38152
6.4008
6.42012
6.43948
6.45889
6.47834
6.49783
6.51737
6.53695
6.55657
6.57624
6.59596
6.61573
6.63555
6.65541
6.67533
6.69529
6.71531
6.73538
6.75551
6.77568
6.79592
6.81621
6.83655
6.85696
6.87742
6.89794
6.91853
6.93917
6.95988
6.98065
7.00149
7.02239
7.04336
7.06439
7.0855
7.10667
7.12792
7.14924
7.17063
7.1921
7.21364
7.23526
7.25696
7.27873
7.30059
7.32253
7.34456
7.36667
7.38886
7.41114
7.43352
7.45598
7.47853
7.50118
7.52393
7.54677
7.5697
7.59274
7.61588
7.63913
7.66247
7.68593
7.70949
7.73317
7.75695
7.78085
7.80487
7.82901
7.85326
7.87764
7.90214
7.92677
7.95152
7.97641
8.00143
8.02658
8.05187
8.07731
8.10288
8.1286
8.15447
8.18049
8.20666
8.23298
8.25947
8.28611
8.31292
8.3399
8.36705
8.39437
8.42186
8.44954
8.4774
8.50544
8.53368
8.5621
8.59073
8.61955
8.64858
8.67782
8.70726
8.73693
8.76681
8.79692
8.82726
8.85783
8.88864
8.91969
8.95099
8.98254
9.01434
9.04641
9.07875
9.11135
9.14424
9.17741
9.21087
9.24462
9.27868
9.31304
9.34772
9.38272
9.41804
9.4537
9.4897
9.52605
9.56276
9.59983
9.63727
9.67509
9.71329
9.7519
9.79091
9.83033
9.87018
9.91046
9.95118
9.99235
10.034
10.0761
10.1187
10.1618
10.2054
10.2495
10.2942
10.3394
10.3851
10.4314
10.4783
10.5259
10.574
10.6227
10.6721
10.7222
10.7729
10.8244
10.8765
10.9294
10.983
11.0374
11.0926
11.1486
11.2054
11.2631
11.3217
11.3812
11.4416
11.5029
11.5652
11.6286
11.693
11.7584
11.8249
11.8926
11.9614
12.0315
12.1027
12.1752
12.2491
12.3243
12.4008
12.4788
12.5583
12.6393
12.7219
12.8061
12.8919
12.9795
13.0689
13.1602
13.2533
13.3484
13.4456
13.5448
13.6463
13.75
13.856
13.9645
14.0755
14.1891
14.3054
14.4245
14.5465
14.6715
14.7997
14.9311
15.0659
15.2043
15.3462
15.492
15.6418
15.7957
15.9539
16.1166
16.284
16.4562
16.6335
16.8162
17.0044
17.1984
17.3985
17.6049
17.818
18.0381
18.2655
18.5005
18.7435
18.995
19.2553
19.5249
19.8043
20.094
20.3945
20.7064
21.0302
21.3668
21.7166
22.0806
22.4594
22.854
23.2651
23.6938
24.1411
24.608
25.0958
25.6057
26.1389
26.697
27.2813
27.8935
28.5354
29.2086
29.9152
30.6571
31.4365
32.2557
33.117
34.023
34.9761
35.9792
37.0349
38.1462
39.3157
40.5464
41.8409
43.202
44.6321
46.1332
47.7071
49.355
51.0772
52.8734
54.7421
56.6804
58.6841
60.7472
62.862
65.0187
67.2055
69.4087
71.6127
73.8005
75.954
78.0546
80.0837
82.0237
83.8584
85.5739
87.159
88.6056
89.9088
91.0672
92.0822
92.9579
93.7007
94.3186
94.8208
95.217
95.5172
95.731
95.8679
95.9363
95.9443
95.8989
95.8064
95.6722
95.5012
95.2976
95.0648
94.8059
94.5237
94.2203
93.8977
93.5577
93.2017
92.831
92.4468
92.0501
91.6418
91.2227
90.7936
90.3551
89.908
89.4527
88.9898
88.5199
88.0433
87.5606
87.0721
86.5783
86.0795
85.5761
85.0684
84.5567
84.0413
83.5226
83.0008
82.4762
81.949
81.4195
80.8879
80.3544
79.8192
79.2826
78.7447
78.2057
77.6658
77.1252
76.584
76.0423
75.5004
74.9582
74.4161
73.8741
73.3323
72.7908
72.2497
71.7092
71.1693
70.6301
70.0918
69.5543
69.0177
68.4822
67.9478
67.4145
66.8825
66.3517
65.8222
65.2941
64.7673
64.2421
63.7183
63.196
62.6753
62.1561
61.6385
61.1226
60.6083
60.0957
59.5847
59.0754
58.5678
58.0619
57.5578
57.0553
56.5546
56.0556
55.5584
55.0628
54.569
54.0769
53.5865
53.0978
52.6108
52.1255
51.6418
51.1598
50.6795
50.2007
49.7236
49.2481
48.7741
48.3017
47.8307
47.3613
46.8933
46.4268
45.9617
45.4979
45.0355
44.5743
44.1145
43.6558
43.1984
42.742
42.2868
41.8325
41.3793
40.927
40.4755
40.0249
39.575
39.1258
38.6772
38.2291
37.7815
37.3342
36.8873
36.4405
35.9939
35.5473
35.1006
34.6537
34.2065
33.759
33.3109
32.8621
32.4127
31.9623
31.5108
31.0582
30.6043
30.149
29.692
29.2332
28.7725
28.3097
27.8446
27.3771
26.907
26.434
25.958
25.4789
24.9964
24.5103
24.0205
23.5267
23.0287
22.5264
22.0196
21.508
20.9916
20.47
19.9432
19.411
18.8732
18.3297
17.7804
17.2252
16.664
16.0967
15.5233
14.9439
14.3584
13.767
13.1697
12.5667
11.9584
11.3448
10.7265
10.1037
9.47692
8.84678
8.21385
7.57883
6.94248
6.30567
5.66932
5.03442
4.40206
3.77336
3.14952
2.53178
1.92141
1.31971
0.727994
0.147548
-0.420351
-0.974473
-1.51365
-2.03678
-2.54288
-3.03106
-3.50053
-3.95068
-4.38099
-4.79112
-5.18086
-5.55013
-5.89901
-6.2277
-6.53651
-6.82589
-7.09636
-7.34853
-7.58308
-7.80074
-8.00229
-8.18853
-8.36028
-8.51837
-8.66361
-8.79681
-8.91877
-9.03025
-9.13199
-9.22468
-9.30901
-9.38561
-9.45507
-9.51795
-9.57479
-9.62606
-9.67223
-9.71372
-9.75091
-9.78417
-9.81383
-9.84019
-9.86353
-9.88412
-9.90218
-9.91794
-9.93159
-9.94331
-9.95327
-9.96161
-9.96848
-9.974
-9.97829
-9.98144
-9.98356
-9.98473
-9.98504
-9.98454
-9.98331
-9.98141
-9.97889
-9.97581
-9.9722
-9.96812
-9.96359
-9.95865
-9.95333
-9.94767
-9.94168
-9.9354
-9.92884
-9.92202
-9.91496
-9.90768
-9.9002
-9.89252
-9.88467
-9.87664
-9.86846
-9.86013
-9.85166
-9.84307
-9.83434
-9.82551
-9.81656
-9.80751
-9.79836
-9.78911
-9.77978
-9.77036
-9.76086
-9.75128
-9.74163
-9.73191
-9.72211
-9.71225
-9.70233
-9.69234
-9.68229
-9.67218
-9.66202
-9.6518
-9.64153
-9.6312
-9.62083
-9.6104
-9.59992
-9.58939
-9.57882
-9.5682
-9.55753
-9.54682
-9.53606
-9.52526
-9.51441
-9.50353
-9.49259
-9.48162
-9.4706
-9.45955
-9.44845
-9.43731
-9.42612
-9.4149
-9.40364
-9.39234
-9.381
-9.36961
-9.35819
-9.34673
-9.33523
-9.32369
-9.31212
-9.3005
-9.28884
-9.27715
-9.26542
-9.25365
-9.24184
-9.22999
-9.2181
-9.20618
-9.19422
-9.18222
-9.17018
-9.15811
-9.14599
-9.13384
-9.12165
-9.10943
-9.09716
-9.08486
-9.07252
-9.06014
-9.04773
-9.03527
-9.02278
-9.01026
-8.99769
-8.98509
-8.97245
-8.95977
-8.94706
-8.9343
-8.92151
-8.90869
-8.89582
-8.88292
-8.86998
-8.857
-8.84399
-8.83094
-8.81785
-8.80472
-8.79156
-8.77836
-8.76512
-8.75185
-8.73854
-8.72519
-8.7118
-8.69838
-8.68492
-8.67142
-8.65789
-8.64432
-8.63071
-8.61706
-8.60338
-8.58966
-8.5759
-8.56211
-8.54828
-8.53441
-8.52051
-8.50657
-8.49259
-8.47858
-8.46453
-8.45044
-8.43631
-8.42215
-8.40795
-8.39372
-8.37945
-8.36514
-8.3508
-8.33642
-8.322
-8.30755
-8.29306
-8.27853
-8.26397
-8.24937
-8.23473
-8.22006
-8.20536
-8.19061
-8.17583
-8.16102
-8.14617
-8.13128
-8.11635
-8.10139
-8.0864
-8.07137
-8.0563
-8.0412
-8.02606
-8.01089
-7.99568
-7.98043
-7.96515
-7.94984
-7.93449
-7.9191
-7.90368
-7.88823
-7.87273
-7.85721
-7.84165
-7.82605
-7.81042
-7.79475
-7.77905
-7.76332
-7.74755
-7.73174
-7.7159
-7.70003
-7.68412
-7.66818
-7.6522
-7.63619
-7.62015
-7.60407
-7.58795
-7.57181
-7.55563
-7.53941
-7.52317
-7.50688
-7.49057
-7.47422
-7.45784
-7.44142
-7.42498
-7.40849
-7.39198
-7.37543
-7.35885
-7.34224
-7.32559
-7.30892
-7.2922
-7.27546
-7.25869
-7.24188
-7.22504
-7.20816
-7.19126
-7.17432
-7.15736
-7.14036
-7.12332
-7.10626
-7.08917
-7.07204
-7.05488
-7.03769
-7.02048
-7.00322
-6.98594
-6.96863
-6.95129
-6.93391
-6.91651
-6.89908
-6.88161
-6.86412
-6.84659
-6.82904
-6.81145
-6.79384
-6.77619
-6.75852
-6.74082
-6.72308
-6.70532
-6.68753
-6.66971
-6.65186
-6.63398
-6.61608
-6.59814
-6.58018
-6.56219
-6.54417
-6.52612
-6.50805
-6.48994
-6.47181
-6.45365
-6.43546
-6.41725
-6.39901
-6.38074
-6.36245
-6.34412
-6.32578
-6.3074
-6.289
-6.27057
-6.25211
-6.23363
-6.21513
-6.19659
-6.17804
-6.15945
-6.14084
-6.12221
-6.10355
-6.08486
-6.06615
-6.04741
-6.02865
-6.00987
-5.99106
-5.97223
-5.95337
-5.93449
-5.91558
-5.89665
-5.8777
-5.85873
-5.83973
-5.8207
-5.80166
-5.78259
-5.7635
-5.74438
-5.72525
-5.70609
-5.6869
-5.6677
-5.64848
-5.62923
-5.60996
-5.59067
-5.57136
-5.55202
-5.53267
-5.51329
-5.4939
-5.47448
-5.45504
-5.43559
-5.41611
-5.39661
-5.37709
-5.35755
-5.338
-5.31842
-5.29882
-5.27921
-5.25957
-5.23992
-5.22025
-5.20056
-5.18085
-5.16112
-5.14138
-5.12161
-5.10183
-5.08204
-5.06222
-5.04239
-5.02253
-5.00267
-4.98278
-4.96288
-4.94296
-4.92303
-4.90308
-4.88311
-4.86313
-4.84313
-4.82311
-4.80308
-4.78304
-4.76298
-4.7429
-4.72281
-4.70271
-4.68259
-4.66245
-4.6423
-4.62214
-4.60197
-4.58177
-4.56157
-4.54135
-4.52112
-4.50088
-4.48062
-4.46035
-4.44007
-4.41977
-4.39947
-4.37915
-4.35882
-4.33847
-4.31812
-4.29775
-4.27737
-4.25698
-4.23658
-4.21617
-4.19575
-4.17532
-4.15487
-4.13442
-4.11395
-4.09348
-4.073
-4.0525
-4.032
-4.01149
-3.99097
-3.97043
-3.94989
-3.92935
-3.90879
-3.88822
-3.86765
-3.84707
-3.82648
-3.80588
-3.78528
-3.76466
-3.74404
-3.72341
-3.70278
-3.68214
-3.66149
-3.64084
-3.62018
-3.59951
-3.57884
-3.55816
-3.53747
-3.51678
-3.49608
-3.47538
-3.45468
-3.43396
-3.41325
-3.39253
-3.3718
-3.35107
-3.33033
-3.3096
-3.28885
-3.26811
-3.24736
-3.2266
-3.20584
-3.18508
-3.16432
-3.14355
-3.12278
-3.10201
-3.08124
-3.06046
-3.03968
-3.0189
-2.99812
-2.97733
-2.95655
-2.93576
-2.91497
-2.89418
-2.87339
-2.8526
-2.8318
-2.81101
-2.79022
-2.76942
-2.74863
-2.72783
-2.70704
-2.68624
-2.66545
-2.64465
-2.62386
-2.60307
-2.58228
-2.56149
-2.5407
-2.51991
-2.49912
-2.47834
-2.45756
-2.43678
-2.416
-2.39522
-2.37444
-2.35367
-2.3329
-2.31214
-2.29137
-2.27061
-2.24985
-2.22909
-2.20834
-2.18759
-2.16685
-2.14611
-2.12537
-2.10463
-2.0839
-2.06318
-2.04246
-2.02174
-2.00103
-1.98032
-1.95962
-1.93892
-1.91822
-1.89754
-1.87685
-1.85617
-1.8355
-1.81483
-1.79417
-1.77352
-1.75287
-1.73222
-1.71159
-1.69096
-1.67033
-1.64971
-1.6291
-1.60849
-1.5879
-1.5673
-1.54672
-1.52614
-1.50557
-1.48501
-1.46445
-1.4439
-1.42336
-1.40283
-1.38231
-1.36179
-1.34128
-1.32078
-1.30029
-1.2798
-1.25932
-1.23886
-1.2184
-1.19795
-1.1775
-1.15707
-1.13665
-1.11623
-1.09583
-1.07543
-1.05504
-1.03466
-1.01429
-0.993934
-0.973584
-0.953244
-0.932914
-0.912594
-0.892283
-0.871983
-0.851693
-0.831413
-0.811143
-0.790883
-0.770634
-0.750396
-0.730167
-0.70995
-0.689743
-0.669547
-0.649362
-0.629188
-0.609025
-0.588873
-0.568732
-0.548602
-0.528483
-0.508376
-0.48828
-0.468196
-0.448123
-0.428062
-0.408012
-0.387974
-0.367948
-0.347933
-0.327931
-0.30794
-0.287961
-0.267995
-0.24804
-0.228098
-0.208167
-0.18825
-0.168344
-0.148451
-0.12857
-0.108701
-0.0888453
-0.0690019
-0.0491711
-0.0293529
-0.0095474
0.0102454
0.0300254
0.0497927
0.069547
0.0892885
0.109017
0.128733
0.148435
0.168125
0.187801
0.207465
0.227115
0.246752
0.266376
0.285987
0.305584
0.325168
0.344739
0.364296
0.38384
0.403371
0.422888
0.442392
0.461882
0.481359
0.500822
0.520272
0.539708
0.55913
0.578539
0.597935
0.617316
0.636684
0.656039
0.675379
0.694706
0.714019
0.733319
0.752604
0.771876
0.791135
0.810379
0.82961
0.848827
0.86803
0.887219
0.906395
0.925556
0.944704
0.963838
0.982959
1.00207
1.02116
1.04024
1.0593
1.07835
1.09739
1.11641
1.13542
1.15442
1.1734
1.19237
1.21133
1.23027
1.24919
1.26811
1.28701
1.30589
1.32477
1.34362
1.36247
1.3813
1.40012
1.41892
1.43771
1.45649
1.47525
1.494
1.51274
1.53146
1.55017
1.56887
1.58755
1.60622
1.62488
1.64352
1.66215
1.68076
1.69937
1.71796
1.73653
1.75509
1.77364
1.79218
1.8107
1.82922
1.84771
1.8662
1.88467
1.90313
1.92157
1.94001
1.95843
1.97684
1.99523
2.01361
2.03198
2.05034
2.06869
2.08702
2.10534
2.12364
2.14194
2.16022
2.17849
2.19675
2.215
2.23323
2.25145
2.26967
2.28786
2.30605
2.32422
2.34239
2.36054
2.37868
2.39681
2.41492
2.43303
2.45112
2.46921
2.48728
2.50534
2.52339
2.54142
2.55945
2.57747
2.59547
2.61347
2.63145
2.64942
2.66739
2.68534
2.70328
2.72121
2.73913
2.75704
2.77494
2.79283
2.81071
2.82858
2.84644
2.86429
2.88214
2.89997
2.91779
2.9356
2.95341
2.9712
2.98899
3.00676
3.02453
3.04229
3.06004
3.07778
3.09551
3.11323
3.13095
3.14866
3.16636
3.18405
3.20173
3.2194
3.23707
3.25473
3.27238
3.29002
3.30766
3.32529
3.34291
3.36053
3.37813
3.39573
3.41333
3.43092
3.4485
3.46607
3.48364
3.5012
3.51876
3.5363
3.55385
3.57139
3.58892
3.60644
3.62397
3.64148
3.65899
3.6765
3.694
3.7115
3.72899
3.74647
3.76396
3.78143
3.79891
3.81638
3.83384
3.85131
3.86877
3.88622
3.90367
3.92112
3.93857
3.95601
3.97345
3.99089
4.00832
4.02576
4.04319
4.06061
4.07804
4.09547
4.11289
4.13031
4.14773
4.16515
4.18257
4.19999
4.21741
4.23482
4.25224
4.26966
4.28707
4.30449
4.32191
4.33933
4.35675
4.37417
4.39159
4.40901
4.42643
4.44386
4.46128
4.47871
4.49615
4.51358
4.53102
4.54846
4.5659
4.58334
4.60079
4.61825
4.6357
4.65316
4.67063
4.6881
4.70557
4.72305
4.74053
4.75802
4.77552
4.79302
4.81053
4.82804
4.84556
4.86308
4.88062
4.89816
4.9157
4.93326
4.95082
4.96839
4.98597
5.00356
5.02116
5.03876
5.05638
5.074
5.09164
5.10929
5.12694
5.14461
5.16229
5.17997
5.19767
5.21539
5.23311
5.25085
5.2686
5.28636
5.30414
5.32193
5.33973
5.35755
5.37538
5.39323
5.41109
5.42897
5.44687
5.46478
5.4827
5.50065
5.51861
5.53659
5.55459
5.5726
5.59064
5.60869
5.62676
5.64485
5.66297
5.6811
5.69926
5.71743
5.73563
5.75385
5.77209
5.79036
5.80865
5.82696
5.8453
5.86366
5.88204
5.90046
5.9189
5.93736
5.95585
5.97437
5.99292
6.0115
6.0301
6.04874
6.0674
6.0861
6.10482
6.12358
6.14237
6.16119
6.18005
6.19894
6.21786
6.23682
6.25581
6.27484
6.29391
6.31301
6.33215
6.35133
6.37055
6.38981
6.40911
6.42845
6.44783
6.46725
6.48672
6.50623
6.52578
6.54538
6.56503
6.58472
6.60446
6.62425
6.64409
6.66397
6.68391
6.7039
6.72394
6.74403
6.76418
6.78438
6.80464
6.82495
6.84532
6.86575
6.88624
6.90679
6.9274
6.94807
6.96881
6.98961
7.01047
7.0314
7.0524
7.07346
7.0946
7.1158
7.13708
7.15843
7.17986
7.20135
7.22293
7.24458
7.26632
7.28813
7.31002
7.332
7.35406
7.3762
7.39844
7.42076
7.44317
7.46567
7.48827
7.51095
7.53374
7.55662
7.5796
7.60268
7.62587
7.64916
7.67255
7.69605
7.71966
7.74339
7.76722
7.79117
7.81524
7.83942
7.86373
7.88816
7.91272
7.9374
7.96221
7.98715
8.01223
8.03744
8.0628
8.08829
8.11393
8.13971
8.16564
8.19173
8.21796
8.24436
8.27091
8.29763
8.32451
8.35156
8.37878
8.40617
8.43374
8.4615
8.48944
8.51756
8.54588
8.57439
8.6031
8.63201
8.66113
8.69046
8.72
8.74976
8.77974
8.80994
8.84038
8.87105
8.90196
8.93312
8.96453
8.99618
9.0281
9.06029
9.09274
9.12546
9.15847
9.19177
9.22535
9.25923
9.29342
9.32792
9.36273
9.39787
9.43334
9.46914
9.50529
9.5418
9.57866
9.61588
9.65349
9.69147
9.72985
9.76862
9.80781
9.84741
9.88745
9.92791
9.96883
10.0102
10.052
10.0944
10.1372
10.1805
10.2243
10.2686
10.3135
10.359
10.405
10.4515
10.4987
10.5465
10.5949
10.6439
10.6936
10.7439
10.795
10.8467
10.8992
10.9524
11.0063
11.061
11.1166
11.1729
11.2301
11.2882
11.3471
11.407
11.4678
11.5296
11.5923
11.6561
11.721
11.7869
11.8539
11.9221
11.9914
12.0619
12.1337
12.2068
12.2812
12.357
12.4342
12.5128
12.5929
12.6746
12.7579
12.8428
12.9294
13.0178
13.1079
13.2
13.2939
13.3899
13.488
13.5882
13.6906
13.7953
13.9024
14.0119
14.124
14.2388
14.3563
14.4766
14.5999
14.7262
14.8558
14.9887
15.125
15.2649
15.4085
15.5559
15.7075
15.8632
16.0233
16.188
16.3574
16.5318
16.7114
16.8964
17.0871
17.2837
17.4865
17.6957
17.9118
18.135
18.3656
18.604
18.8506
19.1058
19.3701
19.6438
19.9276
20.2218
20.5272
20.8441
21.1734
21.5155
21.8714
22.2416
22.6271
23.0287
23.4472
23.8838
24.3394
24.8152
25.3123
25.832
26.3758
26.9449
27.541
28.1658
28.8209
29.5082
30.2297
30.9875
31.7838
32.6208
33.501
34.4269
35.4012
36.4266
37.5058
38.6417
39.8372
41.095
42.4179
43.8084
45.2687
46.801
48.4066
50.0864
51.8406
53.6682
55.5672
57.5343
59.5644
61.6508
63.7849
65.9561
68.1517
70.3572
72.5564
74.7318
76.8648
78.9369
80.9298
82.8263
84.6113
86.272
87.7983
89.1837
90.4247
91.521
92.4755
93.2931
93.9812
94.5482
95.0036
95.3572
95.6191
95.7988
95.9052
95.9467
95.9309
95.8646
95.7535
95.6029
95.4174
95.2008
94.9565
94.6873
94.3957
94.0838
93.7536
93.4065
93.044
92.6674
92.2777
91.8759
91.4628
91.0393
90.6061
90.1639
89.7132
89.2546
88.7886
88.3158
87.8365
87.3512
86.8604
86.3644
85.8636
85.3583
84.8488
84.3355
83.8187
83.2986
82.7756
82.2498
81.7216
81.1911
80.6587
80.1244
79.5886
79.0514
78.5131
77.9737
77.4334
76.8925
76.3511
75.8093
75.2672
74.7251
74.183
73.6411
73.0994
72.558
72.0172
71.4769
70.9374
70.3985
69.8605
69.3234
68.7873
68.2523
67.7183
67.1856
66.654
66.1238
65.5949
65.0674
64.5413
64.0167
63.4935
62.9719
62.4518
61.9334
61.4165
60.9012
60.3877
59.8757
59.3655
58.8569
58.3501
57.8449
57.3415
56.8398
56.3398
55.8416
55.3451
54.8503
54.3572
53.8658
53.3761
52.8882
52.4019
51.9173
51.4344
50.9531
50.4734
49.9954
49.5189
49.0441
48.5707
48.099
47.6287
47.1599
46.6925
46.2266
45.7621
45.2989
44.837
44.3764
43.9171
43.459
43.002
42.5461
42.0913
41.6375
41.1847
40.7328
40.2817
39.8313
39.3818
38.9328
38.4844
38.0366
37.5891
37.142
36.6951
36.2485
35.8018
35.3552
34.9085
34.4615
34.0141
33.5664
33.118
32.669
32.2191
31.7683
31.3164
30.8632
30.4087
29.9526
29.4949
29.0353
28.5738
28.11
27.6439
27.1753
26.7039
26.2297
25.7524
25.2718
24.7878
24.3001
23.8086
23.3131
22.8133
22.309
21.8002
21.2866
20.7679
20.2441
19.715
19.1804
18.6402
18.0942
17.5424
16.9846
16.4208
15.8509
15.2749
14.6928
14.1048
13.5108
12.9111
12.3058
11.6951
11.0795
10.4592
9.83461
9.20633
8.57491
7.94099
7.3053
6.66865
6.03191
5.39606
4.76212
4.13119
3.50443
2.88306
2.26833
1.66153
1.06396
0.476934
-0.0982704
-0.660392
-1.20823
-1.74063
-2.25656
-2.75505
-3.23527
-3.69651
-4.13818
-4.55985
-4.96122
-5.34216
-5.70264
-6.04281
-6.3629
-6.66331
-6.94448
-7.207
-7.45151
-7.6787
-7.88934
-8.08421
-8.26412
-8.42989
-8.58235
-8.72232
-8.85059
-8.96795
-9.07515
-9.17291
-9.26193
-9.34286
-9.41632
-9.48288
-9.5431
-9.59749
-9.64652
-9.69062
-9.73022
-9.76567
-9.79735
-9.82555
-9.85058
-9.87271
-9.89218
-9.90923
-9.92406
-9.93686
-9.9478
-9.95705
-9.96474
-9.97102
-9.97599
-9.97978
-9.98248
-9.98418
-9.98497
-9.98492
-9.9841
-9.98257
-9.9804
-9.97763
-9.97432
-9.9705
-9.96622
-9.96151
-9.95641
-9.95094
-9.94513
-9.93901
-9.93261
-9.92593
-9.91901
-9.91186
-9.90449
-9.89692
-9.88917
-9.88124
-9.87314
-9.8649
-9.85651
-9.84798
-9.83933
-9.83056
-9.82167
-9.81268
-9.80359
-9.79439
-9.78511
-9.77574
-9.76629
-9.75675
-9.74714
-9.73746
-9.7277
-9.71788
-9.70799
-9.69804
-9.68802
-9.67795
-9.66782
-9.65763
-9.64739
-9.63709
-9.62675
-9.61635
-9.6059
-9.5954
-9.58485
-9.57426
-9.56362
-9.55293
-9.5422
-9.53142
-9.5206
-9.50974
-9.49883
-9.48788
-9.47689
-9.46585
-9.45478
-9.44366
-9.4325
-9.4213
-9.41006
-9.39878
-9.38746
-9.37611
-9.36471
-9.35327
-9.34179
-9.33027
-9.31872
-9.30712
-9.29549
-9.28382
-9.27211
-9.26036
-9.24857
-9.23675
-9.22488
-9.21298
-9.20104
-9.18906
-9.17705
-9.16499
-9.1529
-9.14077
-9.1286
-9.1164
-9.10416
-9.09188
-9.07956
-9.0672
-9.05481
-9.04238
-9.02991
-9.0174
-9.00486
-8.99228
-8.97966
-8.967
-8.95431
-8.94158
-8.92881
-8.916
-8.90316
-8.89028
-8.87736
-8.8644
-8.85141
-8.83838
-8.82531
-8.81221
-8.79907
-8.78589
-8.77267
-8.75942
-8.74613
-8.7328
-8.71944
-8.70604
-8.6926
-8.67912
-8.66561
-8.65206
-8.63847
-8.62484
-8.61118
-8.59748
-8.58375
-8.56998
-8.55617
-8.54232
-8.52844
-8.51452
-8.50056
-8.48657
-8.47254
-8.45847
-8.44437
-8.43023
-8.41605
-8.40184
-8.38759
-8.3733
-8.35898
-8.34462
-8.33022
-8.31579
-8.30132
-8.28681
-8.27227
-8.25769
-8.24308
-8.22843
-8.21374
-8.19902
-8.18426
-8.16947
-8.15463
-8.13977
-8.12486
-8.10993
-8.09495
-8.07994
-8.06489
-8.04981
-8.03469
-8.01954
-8.00435
-7.98913
-7.97387
-7.95857
-7.94324
-7.92788
-7.91248
-7.89704
-7.88157
-7.86606
-7.85052
-7.83494
-7.81933
-7.80369
-7.788
-7.77229
-7.75654
-7.74075
-7.72493
-7.70908
-7.69319
-7.67727
-7.66131
-7.64532
-7.6293
-7.61324
-7.59714
-7.58102
-7.56485
-7.54866
-7.53243
-7.51617
-7.49987
-7.48354
-7.46718
-7.45078
-7.43435
-7.41789
-7.4014
-7.38487
-7.36831
-7.35171
-7.33509
-7.31843
-7.30173
-7.28501
-7.26825
-7.25146
-7.23464
-7.21779
-7.2009
-7.18398
-7.16703
-7.15005
-7.13304
-7.11599
-7.09891
-7.08181
-7.06467
-7.0475
-7.03029
-7.01306
-6.9958
-6.9785
-6.96118
-6.94382
-6.92643
-6.90902
-6.89157
-6.87409
-6.85658
-6.83905
-6.82148
-6.80388
-6.78625
-6.7686
-6.75091
-6.73319
-6.71545
-6.69767
-6.67987
-6.66204
-6.64418
-6.62629
-6.60837
-6.59042
-6.57245
-6.55444
-6.53641
-6.51835
-6.50026
-6.48215
-6.464
-6.44583
-6.42764
-6.40941
-6.39116
-6.37288
-6.35457
-6.33624
-6.31788
-6.29949
-6.28108
-6.26264
-6.24417
-6.22568
-6.20716
-6.18862
-6.17005
-6.15145
-6.13283
-6.11418
-6.09551
-6.07682
-6.0581
-6.03935
-6.02058
-6.00178
-5.98297
-5.96412
-5.94525
-5.92636
-5.90745
-5.88851
-5.86954
-5.85056
-5.83155
-5.81252
-5.79346
-5.77438
-5.75528
-5.73615
-5.71701
-5.69784
-5.67865
-5.65944
-5.6402
-5.62094
-5.60167
-5.58237
-5.56304
-5.5437
-5.52434
-5.50495
-5.48555
-5.46612
-5.44668
-5.42721
-5.40772
-5.38822
-5.36869
-5.34915
-5.32958
-5.31
-5.29039
-5.27077
-5.25113
-5.23146
-5.21178
-5.19209
-5.17237
-5.15263
-5.13288
-5.11311
-5.09332
-5.07352
-5.05369
-5.03385
-5.01399
-4.99412
-4.97423
-4.95432
-4.93439
-4.91445
-4.89449
-4.87452
-4.85453
-4.83452
-4.8145
-4.79446
-4.77441
-4.75435
-4.73426
-4.71417
-4.69406
-4.67393
-4.65379
-4.63363
-4.61347
-4.59328
-4.57309
-4.55288
-4.53265
-4.51242
-4.49217
-4.47191
-4.45163
-4.43134
-4.41104
-4.39073
-4.37041
-4.35007
-4.32972
-4.30936
-4.28899
-4.26861
-4.24821
-4.22781
-4.20739
-4.18696
-4.16652
-4.14608
-4.12562
-4.10515
-4.08467
-4.06418
-4.04369
-4.02318
-4.00266
-3.98214
-3.9616
-3.94106
-3.92051
-3.89995
-3.87938
-3.8588
-3.83821
-3.81762
-3.79702
-3.77641
-3.7558
-3.73517
-3.71454
-3.6939
-3.67326
-3.65261
-3.63195
-3.61129
-3.59062
-3.56994
-3.54926
-3.52857
-3.50788
-3.48718
-3.46648
-3.44577
-3.42505
-3.40434
-3.38361
-3.36288
-3.34215
-3.32142
-3.30068
-3.27993
-3.25918
-3.23843
-3.21768
-3.19692
-3.17615
-3.15539
-3.13462
-3.11385
-3.09308
-3.0723
-3.05153
-3.03075
-3.00996
-2.98918
-2.96839
-2.94761
-2.92682
-2.90603
-2.88524
-2.86445
-2.84365
-2.82286
-2.80207
-2.78127
-2.76048
-2.73968
-2.71889
-2.69809
-2.6773
-2.65651
-2.63571
-2.61492
-2.59413
-2.57334
-2.55255
-2.53176
-2.51097
-2.49019
-2.4694
-2.44862
-2.42784
-2.40706
-2.38629
-2.36551
-2.34474
-2.32397
-2.30321
-2.28244
-2.26168
-2.24092
-2.22017
-2.19942
-2.17867
-2.15793
-2.13719
-2.11645
-2.09572
-2.07499
-2.05427
-2.03355
-2.01283
-1.99212
-1.97141
-1.95071
-1.93002
-1.90933
-1.88864
-1.86796
-1.84728
-1.82661
-1.80595
-1.78529
-1.76464
-1.74399
-1.72335
-1.70271
-1.68209
-1.66146
-1.64085
-1.62024
-1.59964
-1.57904
-1.55845
-1.53787
-1.5173
-1.49673
-1.47617
-1.45562
-1.43507
-1.41453
-1.394
-1.37348
-1.35297
-1.33246
-1.31196
-1.29147
-1.27099
-1.25052
-1.23006
-1.2096
-1.18915
-1.16872
-1.14829
-1.12787
-1.10745
-1.08705
-1.06666
-1.04628
-1.0259
-1.00554
-0.985182
-0.964836
-0.9445
-0.924174
-0.903858
-0.883552
-0.863256
-0.84297
-0.822694
-0.802429
